timestamp  X  Y  Z  
1417308635651, -0.1490848, -0.4174541, 1.182103
1417308635684, -0.1446439, -0.4122691, 1.170433
1417308635717, -0.142861, -0.4126491, 1.173736
1417308635790, -0.1394115, -0.4199881, 1.200601
1417308635794, -0.1385946, -0.4258507, 1.224137
1417308635823, -0.1380148, -0.432974, 1.250848
1417308635852, -0.136734, -0.4440429, 1.271152
1417308635884, -0.1370722, -0.4490736, 1.284569
1417308635918, -0.1390556, -0.4508221, 1.29759
1417308635952, -0.1377448, -0.4507885, 1.31282
1417308635984, -0.135236, -0.4482754, 1.327926
1417308636016, -0.1346211, -0.4462522, 1.345449
1417308636051, -0.1346583, -0.4465112, 1.363122
1417308636083, -0.1355912, -0.4437052, 1.380484
1417308636117, -0.1359127, -0.4425468, 1.395544
1417308636150, -0.1369479, -0.4432978, 1.411138
1417308636185, -0.1363911, -0.4435043, 1.429059
1417308636217, -0.1377901, -0.4433668, 1.4432
1417308636252, -0.1356554, -0.4429675, 1.458982
1417308636285, -0.1341304, -0.4425725, 1.471336
1417308636317, -0.134017, -0.4423899, 1.486442
1417308636351, -0.1329462, -0.4430169, 1.498451
1417308636384, -0.1314087, -0.4444444, 1.51126
1417308636417, -0.1294756, -0.4476449, 1.526289
1417308636451, -0.1259506, -0.4502267, 1.54232
1417308636484, -0.1239764, -0.4528103, 1.556077
1417308636516, -0.1229351, -0.455412, 1.570702
1417308636551, -0.1204963, -0.4585654, 1.590237
1417308636584, -0.116355, -0.4625407, 1.608919
1417308636616, -0.1098644, -0.468369, 1.634532
1417308636651, -0.1046776, -0.4735686, 1.660829
1417308636685, -0.1000254, -0.4809921, 1.688973
1417308636716, -0.09216788, -0.4917073, 1.721661
1417308636751, -0.08779289, -0.5035596, 1.749673
1417308636784, -0.08184166, -0.5194359, 1.78858
1417308636816, -0.07401862, -0.5332013, 1.82133
1417308636851, -0.06718054, -0.548114, 1.859875
1417308636884, -0.06123414, -0.558427, 1.893163
1417308636917, -0.05699488, -0.5638268, 1.930475
1417308636951, -0.0527851, -0.5654602, 1.965811
1417308636984, -0.05305477, -0.5618671, 1.996479
1417308637018, -0.05201241, -0.5532874, 2.026921
1417308637051, -0.05282925, -0.5465884, 2.056246
1417308637084, -0.05200588, -0.5419603, 2.087583
1417308637117, -0.05353256, -0.5447209, 2.115089
1417308637152, -0.05504524, -0.5485142, 2.146738
1417308637184, -0.05464748, -0.5573005, 2.173123
1417308637217, -0.05690336, -0.5674888, 2.211123
1417308637251, -0.06218962, -0.5744694, 2.242236
1417308637284, -0.0648302, -0.5873039, 2.280132
1417308637316, -0.06618069, -0.5995273, 2.323795
1417308637354, -0.07289585, -0.6101682, 2.360049
1417308637384, -0.07354906, -0.6160342, 2.391744
1417308637416, -0.07782161, -0.6213686, 2.426304
1417308637451, -0.07941604, -0.6211905, 2.447571
1417308637483, -0.08241968, -0.6179848, 2.47914
1417308637516, -0.08216789, -0.6159069, 2.500353
1417308637551, -0.0804735, -0.6115254, 2.531842
1417308637584, -0.07846985, -0.6106941, 2.553506
1417308637616, -0.07559128, -0.6115569, 2.576701
1417308637652, -0.075091, -0.6169872, 2.601506
1417308637684, -0.07416321, -0.624917, 2.624847
1417308637716, -0.07145786, -0.6309454, 2.648048
1417308637751, -0.06981023, -0.6413487, 2.674817
1417308637783, -0.0687235, -0.6493897, 2.701606
1417308637849, -0.06244381, -0.6669389, 2.743802
1417308637854, -0.05835222, -0.679031, 2.769573
1417308637884, -0.05009933, -0.699111, 2.811795
1417308637916, -0.0459902, -0.7148378, 2.852488
1417308637951, -0.04264489, -0.7230228, 2.879651
1417308637984, -0.03460527, -0.7319285, 2.925621
1417308638016, -0.03298878, -0.731393, 2.947302
1417308638050, -0.02730362, -0.7278841, 2.972272
1417308638084, -0.02135117, -0.7194241, 3.001332
1417308638116, -0.01822268, -0.7147697, 3.019842
1417308638183, -0.01175967, -0.7122396, 3.048614
1417308638189, -0.01113229, -0.7154213, 3.069746
1417308638216, -0.01028922, -0.7224711, 3.097279
1417308638251, -0.009345944, -0.7270858, 3.12286
1417308638284, -0.008763234, -0.7323007, 3.152389
1417308638315, -0.008371553, -0.7384537, 3.186907
1417308638351, -0.008077387, -0.7420058, 3.214288
1417308638383, -0.0100341, -0.7482429, 3.253554
1417308638416, -0.009916771, -0.7567081, 3.284424
1417308638450, -0.01138605, -0.7663797, 3.323846
1417308638484, -0.01213212, -0.7713541, 3.363412
1417308638516, -0.01337123, -0.7805161, 3.386186
1417308638551, -0.01567172, -0.7915412, 3.423626
1417308638584, -0.01635852, -0.7978191, 3.452311
1417308638616, -0.01733321, -0.7988755, 3.478324
1417308638652, -0.01268532, -0.7934282, 3.501864
1417308638683, -0.01238863, -0.7924567, 3.534383
1417308638716, -0.006657994, -0.790392, 3.551225
1417308638751, -0.006014179, -0.7947124, 3.567516
1417308638785, -0.00276383, -0.7943767, 3.586909
1417308638817, 0.005416596, -0.797116, 3.614487
1417308638851, 0.008253436, -0.7996925, 3.627999
1417308638885, 0.01326537, -0.8038666, 3.647774
1417308638917, 0.01784494, -0.8076435, 3.66239
1417308638952, 0.02213683, -0.8156749, 3.684836
1417308638985, 0.02685126, -0.8244038, 3.708923
1417308639017, 0.03062736, -0.8362188, 3.738049
1417308639051, 0.03680911, -0.8444697, 3.759487
1417308639085, 0.05013237, -0.8583578, 3.797036
1417308639117, 0.05998609, -0.8678257, 3.830622
1417308639152, 0.06737134, -0.8761364, 3.853412
1417308639184, 0.07565818, -0.8831778, 3.880872
1417308639217, 0.08485617, -0.8878126, 3.907226
1417308639251, 0.09295634, -0.8881272, 3.926007
1417308639284, 0.1012204, -0.8867424, 3.953861
1417308639316, 0.1026088, -0.887342, 3.971305
1417308639351, 0.1024827, -0.887983, 3.989185
1417308639384, 0.1021601, -0.8846982, 4.006724
1417308639417, 0.1018704, -0.8861241, 4.025659
1417308639452, 0.1008971, -0.8858078, 4.034542
1417308639484, 0.09959231, -0.8885083, 4.05252
1417308639517, 0.09938867, -0.8919043, 4.06888
1417308639552, 0.09653765, -0.8944761, 4.086415
1417308639585, 0.0912805, -0.8976945, 4.100251
1417308639617, 0.08960187, -0.8991056, 4.108898
1417308639652, 0.08638268, -0.9024856, 4.130673
1417308639685, 0.08499904, -0.9085104, 4.150649
1417308639718, 0.08201964, -0.9133053, 4.166004
1417308639752, 0.07737019, -0.922791, 4.188564
1417308639785, 0.07536593, -0.9252986, 4.200282
1417308639818, 0.06585597, -0.9329674, 4.230678
1417308639852, 0.06211225, -0.9351174, 4.244775
1417308639884, 0.05856097, -0.9404916, 4.261265
1417308639917, 0.06079326, -0.9395928, 4.270199
1417308639952, 0.06138232, -0.939621, 4.273801
1417308639984, 0.05750293, -0.9385471, 4.287562
1417308640017, 0.05672131, -0.9386003, 4.294264
1417308640052, 0.05587819, -0.9405478, 4.299468
1417308640085, 0.05575516, -0.940231, 4.303917
1417308640117, 0.05501156, -0.940327, 4.305778
1417308640152, 0.0515556, -0.9405447, 4.312949
1417308640184, 0.04748454, -0.9387466, 4.3194
1417308640217, 0.04721896, -0.9375081, 4.322207
1417308640252, 0.0468602, -0.936291, 4.323556
1417308640285, 0.04641541, -0.9332562, 4.326211
1417308640317, 0.04612062, -0.9325773, 4.326944
1417308640351, 0.04606122, -0.9311674, 4.328128
1417308640383, 0.04605669, -0.930006, 4.329233
1417308640417, 0.04542908, -0.9290679, 4.329769
1417308640452, 0.04564007, -0.9289664, 4.3309
1417308640485, 0.0457623, -0.9290391, 4.331434
1417308640517, 0.04524902, -0.9288202, 4.332671
1417308640553, 0.04579615, -0.9287629, 4.334074
1417308640586, 0.04682487, -0.9280419, 4.335476
1417308640617, 0.04755537, -0.9272351, 4.336087
1417308640652, 0.04747413, -0.9270498, 4.336733
1417308640685, 0.04845113, -0.9260332, 4.338211
1417308640718, 0.04848648, -0.9259323, 4.338863
1417308640752, 0.04880341, -0.9256723, 4.338862
1417308640785, 0.04886944, -0.9254321, 4.338811
1417308640818, 0.05039817, -0.9246155, 4.338292
1417308640851, 0.05051604, -0.9236385, 4.338201
1417308640884, 0.05124981, -0.9234488, 4.338496
1417308640917, 0.05147151, -0.9233779, 4.338323
1417308640952, 0.05148825, -0.9231954, 4.33791
1417308640984, 0.05100348, -0.9229698, 4.33771
1417308641017, 0.05082335, -0.922849, 4.33763
1417308641053, 0.05075236, -0.922731, 4.337531
1417308641084, 0.05024811, -0.9222461, 4.337329
1417308641117, 0.04979043, -0.9214887, 4.336711
1417308641153, 0.04975511, -0.9213219, 4.33654
1417308641185, 0.04946202, -0.9208617, 4.336047
1417308641218, 0.04951454, -0.9204907, 4.335761
1417308641251, 0.04939238, -0.9204112, 4.335979
1417308641285, 0.04906172, -0.9205328, 4.336206
1417308641317, 0.04885131, -0.9205875, 4.336356
1417308641352, 0.04884352, -0.9205415, 4.336374
1417308641385, 0.04855119, -0.9203606, 4.33737
1417308641417, 0.04848246, -0.921754, 4.340834
1417308641452, 0.04852407, -0.9217684, 4.340854
1417308641484, 0.04889063, -0.9223446, 4.341829
1417308641518, 0.04895838, -0.922016, 4.342894
1417308641552, 0.04922886, -0.9216472, 4.34261
1417308641585, 0.04945227, -0.9214951, 4.342751
1417308641617, 0.04938839, -0.921693, 4.342892
1417308641653, 0.04938438, -0.9216777, 4.342868
1417308641685, 0.04910018, -0.9216077, 4.342455
1417308641717, 0.04894533, -0.9216613, 4.342499
1417308641752, 0.049037, -0.9215389, 4.342436
1417308641784, 0.04899053, -0.921322, 4.341891
1417308641818, 0.04859896, -0.9205813, 4.341662
1417308641852, 0.04805026, -0.9204418, 4.340893
1417308641885, 0.04835566, -0.9187524, 4.340868
1417308641918, 0.04691913, -0.9170025, 4.339915
1417308641952, 0.04446688, -0.9159018, 4.34079
1417308641985, 0.04403995, -0.9158739, 4.340792
1417308642017, 0.04325745, -0.9175555, 4.341922
1417308642052, 0.04292316, -0.9184013, 4.342253
1417308642085, 0.04222078, -0.9191914, 4.342556
1417308642118, 0.04201564, -0.9199231, 4.344597
1417308642152, 0.04153942, -0.9197975, 4.345742
1417308642186, 0.04184183, -0.9204407, 4.346741
1417308642217, 0.04186409, -0.9207774, 4.346607
1417308642252, 0.04247442, -0.9208818, 4.34604
1417308642284, 0.0428782, -0.920987, 4.345679
1417308642317, 0.04304343, -0.9214072, 4.34612
1417308642352, 0.04347957, -0.9211748, 4.346202
1417308642384, 0.04605692, -0.9213151, 4.345739
1417308642417, 0.04708809, -0.9212825, 4.345765
1417308642452, 0.04894076, -0.9208355, 4.347464
1417308642485, 0.04928618, -0.9209714, 4.347617
1417308642518, 0.0490641, -0.9210927, 4.348104
1417308642552, 0.0498809, -0.921406, 4.349753
1417308642586, 0.04992716, -0.9212316, 4.35034
1417308642618, 0.04962829, -0.9202669, 4.349842
1417308642652, 0.04978443, -0.9205893, 4.35032
1417308642684, 0.04965085, -0.9205847, 4.350368
1417308642716, 0.04979513, -0.9207718, 4.350132
1417308642750, 0.04983677, -0.9211529, 4.349465
1417308642783, 0.04949077, -0.9213008, 4.349423
1417308642816, 0.04754082, -0.9228872, 4.350329
1417308642851, 0.04721224, -0.9232282, 4.350342
1417308642885, 0.04694384, -0.9236807, 4.350593
1417308642918, 0.04688314, -0.9238094, 4.350799
1417308642952, 0.04658628, -0.9241902, 4.352583
1417308642986, 0.04662756, -0.925154, 4.352276
1417308643018, 0.04601707, -0.9255946, 4.352288
1417308643052, 0.0460297, -0.9260609, 4.352364
1417308643083, 0.04574753, -0.9257972, 4.35205
1417308643118, 0.04455143, -0.9264914, 4.350722
1417308643152, 0.04370094, -0.9272574, 4.34973
1417308643184, 0.04308791, -0.9275454, 4.349106
1417308643217, 0.04179434, -0.9266286, 4.346856
1417308643252, 0.04174722, -0.9266272, 4.346249
1417308643285, 0.04104238, -0.9261743, 4.346225
1417308643317, 0.0404276, -0.9262372, 4.345555
1417308643352, 0.04030122, -0.9255149, 4.343964
1417308643385, 0.0400067, -0.925308, 4.342037
1417308643417, 0.03966863, -0.9254147, 4.341996
1417308643452, 0.03964532, -0.9253325, 4.341916
1417308643486, 0.03972108, -0.9253116, 4.341843
1417308643517, 0.04088708, -0.9242877, 4.341163
1417308643552, 0.04100715, -0.9245192, 4.341445
1417308643586, 0.041005, -0.9245227, 4.341444
1417308643618, 0.04103737, -0.9244983, 4.342414
1417308643654, 0.04139375, -0.9240634, 4.343167
1417308643685, 0.04189904, -0.9247843, 4.344286
1417308643718, 0.04197336, -0.9252974, 4.344662
1417308643753, 0.04206084, -0.9253869, 4.344801
1417308643785, 0.04204377, -0.9261695, 4.346256
1417308643818, 0.04191468, -0.9260214, 4.346622
1417308643852, 0.04191634, -0.9263953, 4.347106
1417308643885, 0.04149824, -0.9267737, 4.348722
1417308643917, 0.04164042, -0.9268412, 4.348759
1417308643952, 0.0416709, -0.9265003, 4.348067
1417308643985, 0.04230463, -0.9259725, 4.346992
1417308644018, 0.04231912, -0.9257996, 4.346872
1417308644053, 0.04213933, -0.9252835, 4.347223
1417308644086, 0.04116241, -0.926291, 4.347642
1417308644118, 0.04066611, -0.9265855, 4.347638
1417308644153, 0.04040286, -0.9265582, 4.347365
1417308644186, 0.04040578, -0.9264765, 4.347739
1417308644218, 0.04082548, -0.9262062, 4.347701
1417308644252, 0.03958515, -0.9259176, 4.346378
1417308644286, 0.04060517, -0.9265135, 4.347349
1417308644318, 0.04076547, -0.9257283, 4.347377
1417308644353, 0.04057222, -0.9253467, 4.34712
1417308644385, 0.04040354, -0.9246759, 4.347852
1417308644418, 0.0387067, -0.9246942, 4.350875
1417308644452, 0.03824435, -0.9242979, 4.351527
1417308644485, 0.03734237, -0.9247144, 4.352277
1417308644519, 0.03484301, -0.9258502, 4.353852
1417308644552, 0.03419674, -0.9258913, 4.354084
1417308644586, 0.03142989, -0.9257699, 4.358122
1417308644619, 0.03056646, -0.9262482, 4.359108
1417308644651, 0.02766511, -0.9275652, 4.361845
1417308644685, 0.02492984, -0.9272743, 4.364665
1417308644716, 0.02397258, -0.9270946, 4.365394
1417308644752, 0.0222752, -0.9270754, 4.364927
1417308644783, 0.02047456, -0.9276022, 4.36513
1417308644818, 0.02011852, -0.9275317, 4.365197
1417308644852, 0.01934996, -0.9272085, 4.364316
1417308644887, 0.01878139, -0.9271399, 4.363725
1417308644919, 0.01800097, -0.9277177, 4.363306
1417308644953, 0.01742422, -0.9275818, 4.362417
1417308644984, 0.01700191, -0.9276693, 4.362095
1417308645016, 0.01694225, -0.9277992, 4.36202
1417308645051, 0.01685981, -0.9278349, 4.36157
1417308645084, 0.01752865, -0.9275973, 4.35912
1417308645117, 0.01845121, -0.925732, 4.357018
1417308645151, 0.01763587, -0.9255673, 4.355236
1417308645184, 0.01728103, -0.9257716, 4.354695
1417308645215, 0.01649876, -0.9259741, 4.352992
1417308645251, 0.01640195, -0.9267565, 4.352215
1417308645286, 0.01608904, -0.9274269, 4.351546
1417308645318, 0.01555715, -0.9305997, 4.349507
1417308645361, 0.01436324, -0.9357417, 4.34304
1417308645394, 0.01625822, -0.9396228, 4.340865
1417308645426, 0.01835389, -0.9443812, 4.33916
1417308645458, 0.01808466, -0.9454721, 4.339182
1417308645491, 0.02006789, -0.9479228, 4.338536
1417308645524, 0.021554, -0.9501156, 4.337829
1417308645558, 0.02265594, -0.9547728, 4.339372
1417308645591, 0.02345488, -0.956238, 4.33973
1417308645625, 0.02410715, -0.9572144, 4.340141
1417308645660, 0.02254831, -0.961185, 4.342179
1417308645694, 0.02506411, -0.9617922, 4.342644
1417308645725, 0.0244687, -0.9629231, 4.344316
1417308645760, 0.02551649, -0.9625227, 4.344803
1417308645794, 0.02841138, -0.9629536, 4.345351
1417308645818, 0.02818535, -0.9629558, 4.345685
1417308645853, 0.02929775, -0.9619548, 4.34567
1417308645887, 0.02937073, -0.9604475, 4.344923
1417308645919, 0.03157283, -0.9560743, 4.34502
1417308645955, 0.03217267, -0.9543245, 4.343792
1417308645986, 0.03364373, -0.9408294, 4.342598
1417308646019, 0.03214263, -0.9351821, 4.337669
1417308646054, 0.03079224, -0.9311689, 4.335528
1417308646085, 0.02761285, -0.9314978, 4.331948
1417308646116, 0.02648459, -0.9294789, 4.32909
1417308646153, 0.02476174, -0.9256904, 4.325743
1417308646186, 0.02297926, -0.9235505, 4.322599
1417308646219, 0.02237802, -0.9211769, 4.322314
1417308646253, 0.02289346, -0.9162247, 4.321039
1417308646286, 0.02259805, -0.9153196, 4.321376
1417308646318, 0.02276183, -0.9146611, 4.321733
1417308646353, 0.02245994, -0.9151484, 4.322091
1417308646385, 0.02083788, -0.917998, 4.324224
1417308646418, 0.02127969, -0.9192827, 4.323858
1417308646452, 0.02189743, -0.9197156, 4.325397
1417308646485, 0.02209751, -0.9212864, 4.331721
1417308646517, 0.02307593, -0.9205246, 4.334505
1417308646552, 0.02309389, -0.9222829, 4.335159
1417308646585, 0.023545, -0.9220282, 4.336354
1417308646617, 0.02362971, -0.921922, 4.33659
1417308646652, 0.02341563, -0.9220355, 4.337487
1417308646686, 0.02319195, -0.9233187, 4.340497
1417308646719, 0.02311675, -0.9230739, 4.340792
1417308646752, 0.02337758, -0.9225688, 4.340527
1417308646786, 0.02398121, -0.9219079, 4.34065
1417308646818, 0.02424614, -0.9213433, 4.340528
1417308646851, 0.02448206, -0.9186514, 4.34019
1417308646884, 0.02519058, -0.9174444, 4.341081
1417308646916, 0.02620379, -0.9157507, 4.341668
1417308646952, 0.0263964, -0.9135588, 4.342269
1417308646984, 0.02677949, -0.9143285, 4.34274
1417308647016, 0.02749116, -0.9175029, 4.345041
1417308647052, 0.0281566, -0.9192533, 4.345248
1417308647085, 0.02858493, -0.9191662, 4.345435
1417308647118, 0.02921021, -0.9194549, 4.346748
1417308647153, 0.0319431, -0.9195639, 4.347832
1417308647185, 0.03457083, -0.923599, 4.349349
1417308647216, 0.03461313, -0.9235939, 4.34936
1417308647250, 0.03468552, -0.9236596, 4.349331
1417308647284, 0.03497928, -0.9236916, 4.349297
1417308647316, 0.03584708, -0.9234233, 4.348389
1417308647351, 0.0361136, -0.9231731, 4.347624
1417308647385, 0.03797633, -0.9221009, 4.3456
1417308647416, 0.03879514, -0.9205809, 4.3452
1417308647451, 0.03998357, -0.9192363, 4.344967
1417308647483, 0.03999736, -0.9191424, 4.344987
1417308647517, 0.0396266, -0.9182722, 4.346206
1417308647551, 0.04033729, -0.9180565, 4.347605
1417308647583, 0.04087888, -0.9186729, 4.350056
1417308647617, 0.04173904, -0.9198444, 4.352713
1417308647651, 0.04318465, -0.921522, 4.355773
1417308647685, 0.04257588, -0.9228624, 4.357856
1417308647716, 0.04363329, -0.923697, 4.362507
1417308647750, 0.04375358, -0.924372, 4.364067
1417308647784, 0.04538295, -0.9247662, 4.365685
1417308647816, 0.04604521, -0.9246618, 4.365802
1417308647850, 0.04587521, -0.9246612, 4.365914
1417308647883, 0.04572503, -0.9246681, 4.365872
1417308647915, 0.04578227, -0.9245642, 4.365688
1417308647951, 0.04583215, -0.9243134, 4.365053
1417308647984, 0.04374544, -0.9247349, 4.362724
1417308648016, 0.04162654, -0.9242176, 4.360369
1417308648050, 0.04022451, -0.9242592, 4.359321
1417308648084, 0.03729535, -0.9249039, 4.358958
1417308648115, 0.0365892, -0.9254292, 4.35763
1417308648151, 0.0361743, -0.9259235, 4.35711
1417308648184, 0.03607757, -0.9257627, 4.356739
1417308648216, 0.03533474, -0.9255112, 4.356144
1417308648250, 0.03528288, -0.9251212, 4.353594
1417308648283, 0.0364002, -0.9250647, 4.352675
1417308648317, 0.03632898, -0.9249768, 4.352024
1417308648351, 0.03633134, -0.9249836, 4.352053
1417308648385, 0.03617966, -0.9248754, 4.351618
1417308648416, 0.03638919, -0.9252153, 4.350648
1417308648451, 0.03871602, -0.9250728, 4.350267
1417308648483, 0.03833606, -0.9246694, 4.350447
1417308648516, 0.03826518, -0.9244484, 4.350599
1417308648551, 0.03800783, -0.9244416, 4.351194
1417308648584, 0.03661471, -0.9247104, 4.35263
1417308648616, 0.03563997, -0.9247298, 4.353401
1417308648653, 0.03458955, -0.9252646, 4.354165
1417308648684, 0.03350231, -0.9255816, 4.355602
1417308648716, 0.03219845, -0.9256164, 4.35504
1417308648751, 0.03178012, -0.9259611, 4.355016
1417308648786, 0.03144614, -0.9261075, 4.355241
1417308648818, 0.03104822, -0.9262217, 4.355678
1417308648852, 0.03006583, -0.9261042, 4.356749
1417308648885, 0.02942789, -0.9265524, 4.358276
1417308648916, 0.02927092, -0.9267115, 4.358341
1417308648950, 0.02904815, -0.9269997, 4.358571
1417308648983, 0.0285894, -0.9274632, 4.358672
1417308649017, 0.02808485, -0.927804, 4.35843
1417308649049, 0.0277421, -0.9277992, 4.358881
1417308649082, 0.02648697, -0.9279574, 4.360345
1417308649115, 0.02632851, -0.9279544, 4.360533
1417308649150, 0.02626864, -0.9279571, 4.360597
1417308649183, 0.02538181, -0.9281154, 4.360979
1417308649217, 0.02497014, -0.9284502, 4.361636
1417308649250, 0.02496335, -0.9281115, 4.361616
1417308649284, 0.02452833, -0.9280723, 4.361903
1417308649316, 0.02455858, -0.9280947, 4.361895
1417308649351, 0.02456006, -0.928031, 4.361949
1417308649384, 0.02427818, -0.9279534, 4.361673
1417308649417, 0.02380717, -0.9278206, 4.361135
1417308649450, 0.02367228, -0.9275186, 4.361099
1417308649484, 0.02089373, -0.9269756, 4.361967
1417308649516, 0.0210114, -0.9269349, 4.361936
1417308649551, 0.02135037, -0.927045, 4.361701
1417308649584, 0.02137412, -0.9270458, 4.361689
1417308649617, 0.02023715, -0.9271945, 4.36163
1417308649654, 0.02013488, -0.9269699, 4.361385
1417308649684, 0.02009367, -0.9266506, 4.361126
1417308649717, 0.02050758, -0.9268284, 4.361016
1417308649751, 0.02126777, -0.9265597, 4.360546
1417308649783, 0.02165237, -0.9265559, 4.359991
1417308649816, 0.02181317, -0.9266391, 4.359744
1417308649850, 0.02155789, -0.9263437, 4.358741
1417308649884, 0.02119076, -0.926236, 4.358433
1417308649916, 0.02142769, -0.9263772, 4.358004
1417308649951, 0.02127761, -0.9262896, 4.357377
1417308649984, 0.02118773, -0.9262293, 4.357071
1417308650016, 0.02194775, -0.9263672, 4.356825
1417308650051, 0.02138876, -0.9265875, 4.355328
1417308650083, 0.02226039, -0.9277205, 4.353265
1417308650116, 0.02099837, -0.9282553, 4.353738
1417308650151, 0.02098696, -0.9282632, 4.353804
1417308650184, 0.02203696, -0.9273656, 4.353166
1417308650217, 0.02194696, -0.9273189, 4.353065
1417308650250, 0.02219945, -0.9272709, 4.352954
1417308650283, 0.0219749, -0.9286677, 4.352542
1417308650316, 0.02191925, -0.928686, 4.352522
1417308650350, 0.02173708, -0.9291555, 4.352662
1417308650384, 0.02214186, -0.9288269, 4.352517
1417308650418, 0.02303418, -0.9280553, 4.351529
1417308650450, 0.02305961, -0.9279975, 4.351705
1417308650485, 0.0238832, -0.927629, 4.351593
1417308650517, 0.02484963, -0.9272012, 4.351316
1417308650551, 0.02540191, -0.9272316, 4.35149
1417308650585, 0.03067325, -0.9257683, 4.351877
1417308650619, 0.03059844, -0.9255114, 4.3523
1417308650653, 0.03067509, -0.9254327, 4.352441
1417308650685, 0.03174251, -0.9253972, 4.351494
1417308650718, 0.03178562, -0.9253713, 4.35168
1417308650753, 0.03167352, -0.9255833, 4.351617
1417308650785, 0.03217962, -0.925659, 4.35119
1417308650817, 0.03229627, -0.9254784, 4.35146
1417308650853, 0.03221727, -0.9251969, 4.35155
1417308650886, 0.03240254, -0.924207, 4.351121
1417308650919, 0.03251983, -0.9239386, 4.351083
1417308650953, 0.03295553, -0.923679, 4.35001
1417308650986, 0.03297272, -0.9233733, 4.350097
1417308651018, 0.03313091, -0.9223173, 4.349721
1417308651054, 0.03334028, -0.9221126, 4.349163
1417308651085, 0.03329489, -0.9223994, 4.349095
1417308651119, 0.03321758, -0.9224282, 4.349087
1417308651153, 0.03336641, -0.9220875, 4.349384
1417308651186, 0.03285455, -0.9225857, 4.350004
1417308651218, 0.03298951, -0.9224188, 4.349921
1417308651253, 0.03329422, -0.9218141, 4.349329
1417308651286, 0.03361358, -0.9218564, 4.348103
1417308651317, 0.03361202, -0.9219581, 4.348108
1417308651352, 0.03386304, -0.9223685, 4.347907
1417308651386, 0.03393797, -0.9225545, 4.347853
1417308651418, 0.03444041, -0.922341, 4.347555
1417308651453, 0.03453423, -0.9219628, 4.347137
1417308651485, 0.0342311, -0.9150584, 4.349445
1417308651518, 0.03448811, -0.9154335, 4.348516
1417308651553, 0.03507456, -0.9176522, 4.347662
1417308651584, 0.03489999, -0.9178328, 4.34673
1417308651618, 0.03493112, -0.9178785, 4.34673
1417308651653, 0.0349202, -0.9181482, 4.346885
1417308651684, 0.03505344, -0.9184971, 4.346478
1417308651719, 0.03454681, -0.9210897, 4.34632
1417308651751, 0.03493502, -0.9212037, 4.345896
1417308651786, 0.03631119, -0.9217566, 4.345503
1417308651818, 0.03846336, -0.9210486, 4.343281
1417308651852, 0.03849907, -0.9211407, 4.343331
1417308651885, 0.03831452, -0.921733, 4.34319
1417308651918, 0.03817081, -0.9217449, 4.343187
1417308651952, 0.03796965, -0.9219903, 4.342907
1417308651985, 0.03790184, -0.921976, 4.342822
1417308652018, 0.0377978, -0.9221705, 4.343203
1417308652052, 0.0376499, -0.9237103, 4.343209
1417308652085, 0.03754987, -0.9232668, 4.343452
1417308652117, 0.03736125, -0.9229313, 4.343624
1417308652151, 0.03710562, -0.9225749, 4.343723
1417308652185, 0.0369563, -0.9227157, 4.343757
1417308652218, 0.03704393, -0.9226958, 4.343797
1417308652252, 0.03708922, -0.9226625, 4.343748
1417308652285, 0.03707763, -0.9227021, 4.343727
1417308652317, 0.03696515, -0.9229242, 4.34348
1417308652351, 0.03668199, -0.9225286, 4.343621
1417308652383, 0.03658996, -0.922619, 4.343518
1417308652417, 0.03660156, -0.9225829, 4.343498
1417308652450, 0.03620347, -0.9227453, 4.343271
1417308652484, 0.03594254, -0.9228286, 4.343138
1417308652515, 0.03589738, -0.9227137, 4.343122
1417308652551, 0.03578018, -0.922391, 4.343261
1417308652584, 0.03575131, -0.9223526, 4.343412
1417308652618, 0.0356818, -0.9223177, 4.343544
1417308652652, 0.03567496, -0.9222908, 4.343509
1417308652685, 0.03563852, -0.9220796, 4.343503
1417308652716, 0.03554295, -0.9217575, 4.343467
1417308652752, 0.03542082, -0.92158, 4.343561
1417308652785, 0.03479738, -0.9216043, 4.343739
1417308652818, 0.03465607, -0.9214576, 4.343624
1417308652852, 0.03463861, -0.9216683, 4.343425
1417308652884, 0.03461348, -0.9215963, 4.343441
1417308652918, 0.03449722, -0.9217154, 4.343561
1417308652952, 0.03436145, -0.9215264, 4.34382
1417308652986, 0.03395544, -0.9214823, 4.34414
1417308653018, 0.03391463, -0.9216363, 4.344092
1417308653054, 0.0338028, -0.9221873, 4.344865
1417308653086, 0.03360029, -0.9219427, 4.344862
1417308653117, 0.03368546, -0.9220659, 4.345031
1417308653153, 0.03367304, -0.9220731, 4.34489
1417308653184, 0.03359592, -0.9219328, 4.344899
1417308653218, 0.03360296, -0.9220752, 4.34494
1417308653253, 0.03351783, -0.9220788, 4.344828
1417308653286, 0.03344282, -0.9221134, 4.344131
1417308653319, 0.03369896, -0.9223508, 4.343681
1417308653353, 0.03382694, -0.9223004, 4.343767
1417308653385, 0.0336977, -0.922146, 4.343713
1417308653417, 0.03363325, -0.9221065, 4.34386
1417308653453, 0.03362661, -0.9220519, 4.343683
1417308653485, 0.03379234, -0.922384, 4.343495
1417308653518, 0.03363293, -0.9222762, 4.343041
1417308653552, 0.03394617, -0.9221486, 4.342606
1417308653584, 0.03389962, -0.9220257, 4.341975
1417308653618, 0.03384941, -0.9221346, 4.34192
1417308653653, 0.03396676, -0.9220471, 4.341683
1417308653685, 0.03394755, -0.9220409, 4.341718
1417308653717, 0.03396684, -0.9216634, 4.341242
1417308653752, 0.03400984, -0.9217602, 4.341367
1417308653786, 0.03434499, -0.9221066, 4.340702
1417308653817, 0.03843835, -0.9207647, 4.33859
1417308653852, 0.03804402, -0.9216028, 4.338781
1417308653884, 0.03781042, -0.92154, 4.338982
1417308653918, 0.03700221, -0.9213983, 4.339325
1417308653958, 0.03641627, -0.9221694, 4.339216
1417308653987, 0.0357994, -0.9224306, 4.339516
1417308654019, 0.03537999, -0.9226258, 4.33976
1417308654054, 0.0352606, -0.9226306, 4.339736
1417308654093, 0.0352705, -0.9225948, 4.33972
1417308654126, 0.03515834, -0.9224005, 4.339646
1417308654161, 0.03520096, -0.9224903, 4.339423
1417308654193, 0.03445466, -0.9226914, 4.339479
1417308654225, 0.03439967, -0.9227575, 4.339498
1417308654252, 0.0340867, -0.9230501, 4.339616
1417308654286, 0.03402551, -0.9229318, 4.339022
1417308654318, 0.03426271, -0.9227872, 4.338524
1417308654353, 0.03429959, -0.9228927, 4.338611
1417308654386, 0.03390426, -0.9233391, 4.339154
1417308654418, 0.03296323, -0.9230197, 4.339039
1417308654454, 0.03314675, -0.922945, 4.338047
1417308654486, 0.03296561, -0.9241162, 4.336538
1417308654519, 0.03322803, -0.9233022, 4.335239
1417308654553, 0.03268407, -0.9232172, 4.334802
1417308654586, 0.03244489, -0.9227635, 4.334875
1417308654617, 0.03252472, -0.9222476, 4.334498
1417308654654, 0.03238237, -0.9218013, 4.334244
1417308654685, 0.03246503, -0.9217674, 4.334218
1417308654718, 0.03249017, -0.9216931, 4.334143
1417308654753, 0.03277664, -0.921348, 4.333995
1417308654787, 0.03304894, -0.921297, 4.333686
1417308654817, 0.03351365, -0.9211337, 4.333691
1417308654883, 0.03358704, -0.9210477, 4.333782
1417308654897, 0.03375412, -0.920978, 4.333251
1417308654919, 0.03458099, -0.9208407, 4.332709
1417308654954, 0.03560337, -0.920873, 4.331435
1417308654987, 0.03619086, -0.9209763, 4.331488
1417308655018, 0.04220666, -0.9196715, 4.328578
1417308655056, 0.04383538, -0.9201897, 4.32803
1417308655107, 0.04697538, -0.9206898, 4.324518
1417308655122, 0.04905558, -0.9211769, 4.319156
1417308655168, 0.05362397, -0.9221938, 4.316318
1417308655199, 0.05503762, -0.923261, 4.312949
1417308655235, 0.05648452, -0.9250537, 4.309983
1417308655269, 0.05965776, -0.9265049, 4.302924
1417308655288, 0.06232619, -0.9280505, 4.298478
1417308655322, 0.06678465, -0.9271547, 4.291615
1417308655354, 0.06702784, -0.9266789, 4.285237
1417308655387, 0.06725481, -0.9258243, 4.278223
1417308655419, 0.06478947, -0.9263778, 4.269332
1417308655454, 0.06400683, -0.9221644, 4.252956
1417308655486, 0.06148136, -0.9253455, 4.239557
1417308655521, 0.05890158, -0.927901, 4.225929
1417308655554, 0.05630086, -0.9285241, 4.208485
1417308655587, 0.05514799, -0.9275002, 4.194852
1417308655621, 0.04972875, -0.9265361, 4.166504
1417308655655, 0.04869702, -0.9252402, 4.1587
1417308655687, 0.04007526, -0.9201797, 4.123395
1417308655721, 0.038102, -0.9154868, 4.105875
1417308655753, 0.03099158, -0.9032808, 4.065574
1417308655787, 0.02647097, -0.9010999, 4.053122
1417308655822, 0.02214425, -0.8929608, 4.02802
1417308655854, 0.01628974, -0.8831311, 4.01043
1417308655886, 0.008018632, -0.8756125, 3.986671
1417308655919, 0.004596904, -0.871353, 3.975198
1417308655954, -0.001175542, -0.8667952, 3.95636
1417308655985, -0.004432819, -0.8623046, 3.948952
1417308656017, -0.007797771, -0.8601833, 3.938439
1417308656051, -0.009549147, -0.8567019, 3.929636
1417308656085, -0.01075185, -0.8535246, 3.920762
1417308656117, -0.01402393, -0.8565338, 3.911178
1417308656152, -0.01560682, -0.8545784, 3.903574
1417308656184, -0.01726273, -0.8506726, 3.898046
1417308656216, -0.01979587, -0.8549313, 3.882889
1417308656252, -0.02052766, -0.8468457, 3.874928
1417308656285, -0.02187243, -0.851166, 3.862809
1417308656318, -0.02165303, -0.8501918, 3.853413
1417308656352, -0.02097512, -0.8494304, 3.843922
1417308656385, -0.02071249, -0.8494331, 3.834635
1417308656418, -0.02031405, -0.8495142, 3.827373
1417308656460, -0.0197892, -0.8487412, 3.822182
1417308656484, -0.01977508, -0.8421131, 3.813858
1417308656516, -0.01951701, -0.8433114, 3.80982
1417308656551, -0.01928815, -0.8432569, 3.806757
1417308656585, -0.01919311, -0.8434535, 3.80356
1417308656617, -0.01909107, -0.8436892, 3.799371
1417308656651, -0.01873932, -0.8436758, 3.796188
1417308656684, -0.01898472, -0.8422334, 3.794479
1417308656717, -0.01838423, -0.8379376, 3.791301
1417308656751, -0.01886462, -0.83799, 3.789366
1417308656783, -0.01852409, -0.8365995, 3.787799
1417308656816, -0.01831764, -0.8376012, 3.787149
1417308656851, -0.01838101, -0.8381163, 3.78615
1417308656884, -0.01821214, -0.8382167, 3.785569
1417308656916, -0.01833999, -0.8385255, 3.785142
1417308656952, -0.01834291, -0.8385262, 3.785074
1417308656985, -0.01829191, -0.8388045, 3.78504
1417308657018, -0.01812655, -0.838087, 3.784922
1417308657051, -0.01794645, -0.8382902, 3.784642
1417308657084, -0.0180139, -0.8385792, 3.784612
1417308657116, -0.01811419, -0.838991, 3.78467
1417308657150, -0.01788698, -0.8377923, 3.784871
1417308657186, -0.01785624, -0.8373212, 3.784767
1417308657217, -0.01775156, -0.8363971, 3.784909
1417308657250, -0.01761367, -0.8357733, 3.785376
1417308657283, -0.01739383, -0.8367634, 3.785489
1417308657316, -0.01676167, -0.8381683, 3.785992
1417308657351, -0.01633075, -0.8396422, 3.786444
1417308657385, -0.01649644, -0.8402224, 3.78686
1417308657418, -0.01625246, -0.8389416, 3.787474
1417308657452, -0.01643264, -0.8393883, 3.788131
1417308657484, -0.01635017, -0.8384714, 3.788717
1417308657517, -0.01620941, -0.8386585, 3.789074
1417308657551, -0.01552846, -0.8368892, 3.790715
1417308657584, -0.01298322, -0.8340929, 3.793478
1417308657616, -0.009046921, -0.8305162, 3.79785
1417308657651, -0.00573579, -0.8285869, 3.798674
1417308657686, -0.001442789, -0.8266304, 3.799362
1417308657717, 0.002911682, -0.8250876, 3.799757
1417308657752, 0.008295832, -0.8235056, 3.801105
1417308657785, 0.01404437, -0.8209978, 3.799918
1417308657818, 0.02040738, -0.8198831, 3.798866
1417308657853, 0.02744346, -0.8196363, 3.797877
1417308657884, 0.03691592, -0.8195934, 3.79273
1417308657918, 0.04099254, -0.819705, 3.791265
1417308657952, 0.04589147, -0.8206209, 3.787636
1417308657987, 0.05173298, -0.8220571, 3.784751
1417308658017, 0.05862457, -0.82471, 3.784068
1417308658051, 0.06272271, -0.8248441, 3.782193
1417308658084, 0.06732906, -0.8239979, 3.781532
1417308658118, 0.07193091, -0.8227667, 3.779586
1417308658151, 0.07580518, -0.8231904, 3.779272
1417308658183, 0.07896067, -0.8247269, 3.779022
1417308658217, 0.08132975, -0.8248016, 3.778608
1417308658251, 0.08281332, -0.8242235, 3.777233
1417308658283, 0.08407458, -0.824085, 3.776752
1417308658316, 0.08514164, -0.8231685, 3.775315
1417308658351, 0.08596444, -0.8230701, 3.774106
1417308658383, 0.08667412, -0.8227572, 3.773539
1417308658416, 0.08685373, -0.8225196, 3.772727
1417308658450, 0.08713013, -0.822391, 3.771718
1417308658482, 0.0874227, -0.822685, 3.771102
1417308658518, 0.08739858, -0.8223797, 3.76973
1417308658550, 0.08717891, -0.8226935, 3.768816
1417308658584, 0.08646854, -0.8228104, 3.768113
1417308658616, 0.0858703, -0.8228285, 3.767527
1417308658651, 0.08403457, -0.8225647, 3.766669
1417308658685, 0.08183251, -0.8226659, 3.767074
1417308658719, 0.07911289, -0.8224833, 3.76704
1417308658752, 0.07644957, -0.8229064, 3.767993
1417308658786, 0.0726574, -0.8221408, 3.770602
1417308658816, 0.06777611, -0.8215878, 3.774392
1417308658851, 0.06101126, -0.8213805, 3.779012
1417308658885, 0.05631831, -0.8209676, 3.785648
1417308658917, 0.04790513, -0.8200673, 3.803228
1417308658951, 0.04545335, -0.8186858, 3.809223
1417308658985, 0.04202466, -0.8201811, 3.824339
1417308659018, 0.03926706, -0.8223062, 3.83686
1417308659052, 0.03573407, -0.8228967, 3.846408
1417308659084, 0.03222261, -0.8249581, 3.854481
1417308659118, 0.0294612, -0.8258709, 3.861384
1417308659152, 0.02785994, -0.8272171, 3.866278
1417308659185, 0.0261125, -0.828252, 3.869305
1417308659218, 0.02359939, -0.8304099, 3.878345
1417308659252, 0.02257162, -0.8331598, 3.882793
1417308659286, 0.02266187, -0.8327801, 3.887577
1417308659318, 0.02246677, -0.8360527, 3.895306
1417308659352, 0.02299878, -0.839165, 3.90591
1417308659384, 0.02512922, -0.8432011, 3.912828
1417308659418, 0.02635863, -0.8487347, 3.922624
1417308659453, 0.02544643, -0.8519483, 3.937514
1417308659541, 0.0284824, -0.858786, 3.949178
1417308659570, 0.03879375, -0.8749505, 3.982212
1417308659586, 0.04235344, -0.880349, 3.996635
1417308659618, 0.04787868, -0.8885043, 4.014355
1417308659653, 0.05498891, -0.896212, 4.035122
1417308659686, 0.060796, -0.8987568, 4.046072
1417308659719, 0.06429516, -0.9010655, 4.061326
1417308659752, 0.06590903, -0.9010086, 4.071168
1417308659786, 0.06467125, -0.9007121, 4.088222
1417308659817, 0.06580231, -0.8988513, 4.097587
1417308659856, 0.06623863, -0.8955913, 4.104404
1417308659898, 0.06585193, -0.893032, 4.11815
1417308659937, 0.06497087, -0.8926948, 4.121271
1417308659974, 0.06377573, -0.8926491, 4.130109
1417308659985, 0.06134482, -0.8930588, 4.137909
1417308660017, 0.06024617, -0.8931159, 4.14462
1417308660052, 0.05635896, -0.8917338, 4.154305
1417308660085, 0.05670625, -0.891063, 4.157124
1417308660118, 0.05410299, -0.8909611, 4.166285
1417308660152, 0.05028332, -0.8912136, 4.175841
1417308660186, 0.04893008, -0.8911047, 4.178102
1417308660218, 0.04679984, -0.8910918, 4.180196
1417308660251, 0.04189738, -0.8916889, 4.183134
1417308660284, 0.03664177, -0.8922133, 4.18519
1417308660317, 0.03371079, -0.8913336, 4.186855
1417308660352, 0.02641875, -0.889179, 4.188684
1417308660384, 0.02034605, -0.8894581, 4.188318
1417308660418, 0.01165521, -0.8886702, 4.19022
1417308660452, -0.0005442534, -0.888317, 4.190848
1417308660485, -0.006123892, -0.8865763, 4.189581
1417308660518, -0.01083823, -0.8854318, 4.188761
1417308660552, -0.01255633, -0.8843433, 4.187924
1417308660585, -0.01600639, -0.8842019, 4.188995
1417308660618, -0.02091135, -0.8843127, 4.188931
1417308660652, -0.02476851, -0.8842841, 4.187184
1417308660686, -0.02909103, -0.8848798, 4.18557
1417308660719, -0.03104855, -0.8844481, 4.185607
1417308660752, -0.03187465, -0.8842986, 4.185151
1417308660785, -0.03314162, -0.8842217, 4.183423
1417308660818, -0.03419192, -0.8838621, 4.18216
1417308660854, -0.03551674, -0.8848252, 4.179234
1417308660885, -0.03605616, -0.8855187, 4.17367
1417308660920, -0.03782857, -0.8875841, 4.171296
1417308660951, -0.04085718, -0.897964, 4.16615
1417308660982, -0.04078427, -0.9025635, 4.163769
1417308661016, -0.03950784, -0.9060331, 4.159818
1417308661049, -0.0381413, -0.9071159, 4.157943
1417308661083, -0.03821194, -0.9075091, 4.158129
1417308661117, -0.03871932, -0.9093005, 4.158757
1417308661153, -0.03858567, -0.9098849, 4.15992
1417308661185, -0.04208013, -0.912625, 4.166155
1417308661218, -0.0405668, -0.9142764, 4.168612
1417308661250, -0.04029276, -0.9143268, 4.168894
1417308661284, -0.03932151, -0.9156166, 4.170505
1417308661317, -0.03778334, -0.9164904, 4.171874
1417308661351, -0.03740382, -0.9166059, 4.172461
1417308661383, -0.03737927, -0.9166794, 4.172979
1417308661418, -0.03752594, -0.9173341, 4.174092
1417308661454, -0.03749786, -0.9173025, 4.17469
1417308661486, -0.03826295, -0.9161097, 4.176956
1417308661518, -0.03972143, -0.9120156, 4.180146
1417308661559, -0.04078452, -0.9062926, 4.184714
1417308661584, -0.04117513, -0.903213, 4.186282
1417308661627, -0.04260913, -0.9022449, 4.189584
1417308661652, -0.04277382, -0.8994032, 4.192078
1417308661688, -0.0424818, -0.8972076, 4.193133
1417308661720, -0.04067898, -0.8938662, 4.194811
1417308661750, -0.0393702, -0.8918361, 4.196134
1417308661783, -0.03909538, -0.8907762, 4.197268
1417308661818, -0.03635895, -0.8889844, 4.200602
1417308661852, -0.03571036, -0.8899327, 4.204647
1417308661886, -0.03356615, -0.8903821, 4.207878
1417308661917, -0.0286466, -0.8912877, 4.21473
1417308661951, -0.026405, -0.8907585, 4.217434
1417308661985, -0.02185307, -0.8942903, 4.228059
1417308662018, -0.02019386, -0.898011, 4.236906
1417308662053, -0.01229954, -0.9063681, 4.252628
1417308662086, -0.006506958, -0.9066534, 4.258978
1417308662118, -0.003360534, -0.9068363, 4.266667
1417308662151, 0.00230857, -0.9071, 4.278033
1417308662188, 0.003697238, -0.9085886, 4.282247
1417308662218, 0.007527944, -0.9088469, 4.290662
1417308662250, 0.008914881, -0.9099004, 4.293416
1417308662283, 0.009939489, -0.9087281, 4.294664
1417308662316, 0.01199663, -0.908397, 4.297934
1417308662350, 0.01383109, -0.9079623, 4.300774
1417308662382, 0.01443551, -0.9076688, 4.301289
1417308662416, 0.01491135, -0.9076498, 4.302422
1417308662452, 0.0149415, -0.9074936, 4.302647
1417308662485, 0.01524783, -0.9071965, 4.30396
1417308662517, 0.01538708, -0.9061945, 4.304995
1417308662552, 0.01475355, -0.9073447, 4.306041
1417308662586, 0.01389478, -0.9067307, 4.306328
1417308662619, 0.01272651, -0.9054391, 4.305206
1417308662653, 0.009506226, -0.9044016, 4.303878
1417308662685, 0.006725683, -0.9030899, 4.303553
1417308662717, -0.0006940812, -0.8999403, 4.302351
1417308662761, -0.004510878, -0.898768, 4.30023
1417308662789, -0.005901355, -0.8983112, 4.299348
1417308662818, -0.008797638, -0.8975441, 4.300038
1417308662850, -0.01301426, -0.8960049, 4.302207
1417308662884, -0.01603655, -0.896273, 4.303817
1417308662920, -0.02008495, -0.8968281, 4.30461
1417308662957, -0.02787391, -0.8985259, 4.305263
1417308662984, -0.03587738, -0.900876, 4.308584
1417308663017, -0.04327659, -0.9022037, 4.309654
1417308663051, -0.05266881, -0.9052109, 4.311271
1417308663086, -0.05744669, -0.906144, 4.310527
1417308663119, -0.068235, -0.9079917, 4.312981
1417308663155, -0.06775432, -0.9080291, 4.313134
1417308663187, -0.06879179, -0.9077338, 4.310724
1417308663270, -0.06916808, -0.9088113, 4.308971
1417308663287, -0.0691193, -0.9071654, 4.306177
1417308663331, -0.06845614, -0.907355, 4.304989
1417308663351, -0.06730852, -0.9070957, 4.303956
1417308663391, -0.06467962, -0.9034311, 4.302911
1417308663434, -0.0625829, -0.9018211, 4.303458
1417308663483, -0.06116051, -0.9027094, 4.303558
1417308663532, -0.05469523, -0.8960562, 4.3026
1417308663580, -0.05419666, -0.8965537, 4.302655
1417308663636, -0.05366483, -0.8977765, 4.302007
1417308663661, -0.05362371, -0.8978143, 4.301594
1417308663700, -0.05400463, -0.897698, 4.301545
1417308663723, -0.05407867, -0.89772, 4.301454
1417308663735, -0.05440562, -0.8981146, 4.300591
1417308663761, -0.05379851, -0.8986579, 4.301126
1417308663787, -0.0536878, -0.8989631, 4.301409
1417308663818, -0.05319873, -0.8996338, 4.301548
1417308663852, -0.05272227, -0.8996095, 4.301448
1417308663884, -0.05011962, -0.9004352, 4.300541
1417308663916, -0.04923138, -0.900698, 4.300699
1417308663948, -0.04831887, -0.9008545, 4.301016
1417308663984, -0.04708082, -0.9013929, 4.30118
1417308664022, -0.04513209, -0.9017552, 4.301551
1417308664049, -0.04214298, -0.9014952, 4.301847
1417308664082, -0.03998656, -0.9021586, 4.30178
1417308664117, -0.03735108, -0.9042224, 4.304273
1417308664152, -0.03631816, -0.9041096, 4.304365
1417308664184, -0.03549124, -0.9038125, 4.30502
1417308664217, -0.03468262, -0.9038328, 4.305568
1417308664251, -0.03320841, -0.903567, 4.306291
1417308664285, -0.03270599, -0.9029226, 4.306245
1417308664317, -0.03225141, -0.902699, 4.30573
1417308664352, -0.03195179, -0.9022529, 4.305506
1417308664386, -0.03129742, -0.9022828, 4.304368
1417308664418, -0.02999598, -0.9002379, 4.300016
1417308664450, -0.02913244, -0.8990273, 4.299706
1417308664484, -0.02917698, -0.8945168, 4.297473
1417308664517, -0.02919634, -0.8895736, 4.296454
1417308664551, -0.0286486, -0.8836656, 4.295579
1417308664586, -0.0296173, -0.8823338, 4.295205
1417308664617, -0.02951266, -0.8823386, 4.295199
1417308664650, -0.02944078, -0.8841632, 4.294687
1417308664683, -0.03197778, -0.8914242, 4.296559
1417308664716, -0.03097894, -0.8957029, 4.298365
1417308664750, -0.03077185, -0.8964477, 4.298217
1417308664786, -0.03077517, -0.896424, 4.298301
1417308664816, -0.03097017, -0.8967074, 4.299028
1417308664851, -0.03077995, -0.8969479, 4.298753
1417308664884, -0.03073213, -0.8970184, 4.298142
1417308664917, -0.03152097, -0.9005968, 4.297808
1417308664950, -0.03150715, -0.9006271, 4.297738
1417308664984, -0.03170744, -0.9020227, 4.297349
1417308665016, -0.03099321, -0.9013852, 4.295836
1417308665067, -0.03157753, -0.9005712, 4.295813
1417308665098, -0.03144035, -0.9000945, 4.294388
1417308665130, -0.03105156, -0.8955057, 4.295401
1417308665153, -0.03060577, -0.8935056, 4.297104
1417308665184, -0.03034797, -0.8930316, 4.298431
1417308665217, -0.02934876, -0.8925844, 4.302006
1417308665250, -0.02844811, -0.8956203, 4.305367
1417308665284, -0.02825023, -0.8999423, 4.309061
1417308665316, -0.02722309, -0.9025934, 4.312267
1417308665350, -0.02722936, -0.9025454, 4.312412
1417308665385, -0.02732141, -0.9024514, 4.312496
1417308665417, -0.02691849, -0.9024938, 4.313605
1417308665450, -0.02679898, -0.902774, 4.313807
1417308665483, -0.02701047, -0.9028948, 4.313953
1417308665517, -0.02755751, -0.9030316, 4.313631
1417308665551, -0.02766874, -0.902658, 4.312814
1417308665583, -0.0284248, -0.9021228, 4.312143
1417308665618, -0.02848742, -0.9000331, 4.312288
1417308665650, -0.0288572, -0.8970882, 4.313252
1417308665684, -0.02904813, -0.8934049, 4.314186
1417308665717, -0.02913544, -0.8924091, 4.314252
1417308665751, -0.02930158, -0.8924333, 4.314398
1417308665784, -0.02992655, -0.8951059, 4.314273
1417308665818, -0.03193506, -0.8979394, 4.315152
1417308665851, -0.03201882, -0.8988936, 4.315145
1417308665884, -0.03250553, -0.8989945, 4.315639
1417308665916, -0.03247994, -0.8989938, 4.315751
1417308665950, -0.03249979, -0.8988853, 4.316199
1417308665983, -0.03351913, -0.9001071, 4.318342
1417308666016, -0.03346293, -0.9004743, 4.318613
1417308666098, -0.03392491, -0.9010313, 4.319105
1417308666106, -0.03448688, -0.9020625, 4.319901
1417308666119, -0.03464822, -0.9027562, 4.32295
1417308666151, -0.03478866, -0.903612, 4.32411
1417308666185, -0.03402632, -0.9037837, 4.324484
1417308666216, -0.03271797, -0.9038826, 4.325757
1417308666250, -0.03192019, -0.9059174, 4.328862
1417308666284, -0.03182623, -0.9066646, 4.330704
1417308666317, -0.03131054, -0.9071422, 4.33094
1417308666351, -0.03130226, -0.9078464, 4.33132
1417308666383, -0.03133611, -0.9078536, 4.331481
1417308666417, -0.03097502, -0.9083025, 4.332091
1417308666452, -0.03111649, -0.9092636, 4.333605
1417308666521, -0.03064246, -0.9085498, 4.33504
1417308666590, -0.02961951, -0.9086297, 4.335216
1417308666664, -0.02768726, -0.9094139, 4.337385
1417308666738, -0.02658179, -0.9090527, 4.337292
1417308666810, -0.02625246, -0.9093205, 4.33758
1417308666883, -0.02617456, -0.9102471, 4.338089
1417308666956, -0.02637649, -0.9111385, 4.339567
1417308667025, -0.02656695, -0.9115751, 4.340603
1417308667053, -0.02656966, -0.911595, 4.340707
1417308667086, -0.02681164, -0.9120975, 4.34146
1417308667118, -0.02696012, -0.9129649, 4.342121
1417308667151, -0.02646524, -0.91303, 4.341976
1417308667184, -0.02646526, -0.9130982, 4.34198
1417308667217, -0.02638179, -0.9133095, 4.342311
1417308667252, -0.02630225, -0.9133434, 4.342353
1417308667286, -0.02636389, -0.9135113, 4.342969
1417308667315, -0.02653754, -0.9135911, 4.343146
1417308667350, -0.02673924, -0.9134338, 4.343258
1417308667384, -0.02710926, -0.9138556, 4.343944
1417308667417, -0.02773207, -0.9135548, 4.344246
1417308667451, -0.0277218, -0.9137304, 4.344306
1417308667485, -0.02795238, -0.9134789, 4.344456
1417308667516, -0.0278727, -0.9133478, 4.344552
1417308667550, -0.02794839, -0.9135953, 4.344854
1417308667583, -0.0279314, -0.913573, 4.345073
1417308667616, -0.02812483, -0.9138251, 4.345815
1417308667651, -0.02769178, -0.9135247, 4.345831
1417308667683, -0.02792743, -0.9140005, 4.346273
1417308667716, -0.02785347, -0.9136372, 4.34646
1417308667750, -0.027718, -0.9136084, 4.346454
1417308667782, -0.02708943, -0.9137592, 4.346999
1417308667816, -0.02720228, -0.9138801, 4.347024
1417308667850, -0.02690185, -0.9136733, 4.347229
1417308667883, -0.02633198, -0.9131937, 4.34706
1417308667917, -0.02679439, -0.9126143, 4.347523
1417308667950, -0.02672121, -0.9125255, 4.347624
1417308667983, -0.02673993, -0.9124889, 4.347566
1417308668016, -0.02628871, -0.9122302, 4.347427
1417308668052, -0.02624877, -0.9123843, 4.347632
1417308668083, -0.02624619, -0.9123945, 4.347662
1417308668117, -0.02632017, -0.9124205, 4.347739
1417308668151, -0.0261362, -0.9127752, 4.347661
1417308668185, -0.02622285, -0.9121317, 4.347573
1417308668216, -0.02639381, -0.9121264, 4.347627
1417308668250, -0.02645589, -0.9121208, 4.34752
1417308668283, -0.02707633, -0.9123534, 4.348011
1417308668316, -0.02723647, -0.912469, 4.347893
1417308668350, -0.02724437, -0.9124848, 4.347682
1417308668383, -0.0272368, -0.9124962, 4.347692
1417308668416, -0.02721419, -0.9128079, 4.347449
1417308668477, -0.02725695, -0.9129177, 4.347435
1417308668536, -0.02727322, -0.9120454, 4.347355
1417308668549, -0.02728048, -0.9120566, 4.346847
1417308668582, -0.02783118, -0.912097, 4.346535
1417308668616, -0.02753864, -0.9125504, 4.3464
1417308668649, -0.02721773, -0.9126602, 4.345457
1417308668683, -0.02718447, -0.9128004, 4.345384
1417308668716, -0.0270502, -0.9128965, 4.344814
1417308668751, -0.02678917, -0.9129245, 4.34372
1417308668783, -0.02678348, -0.9129734, 4.343734
1417308668816, -0.0265646, -0.9126967, 4.342817
1417308668850, -0.02641726, -0.9126604, 4.342201
1417308668884, -0.02671493, -0.9123368, 4.341862
1417308668915, -0.02675329, -0.9124665, 4.34152
1417308668950, -0.02645433, -0.9129136, 4.341281
1417308668983, -0.02643541, -0.9129515, 4.341292
1417308669017, -0.02556125, -0.9129614, 4.340251
1417308669050, -0.02501632, -0.9130428, 4.339443
1417308669084, -0.02424522, -0.9132348, 4.337687
1417308669116, -0.02310107, -0.9135435, 4.33553
1417308669152, -0.02343499, -0.9137005, 4.33345
1417308669189, -0.02240326, -0.9132652, 4.330608
1417308669223, -0.0215721, -0.9133506, 4.327519
1417308669258, -0.02062308, -0.9135144, 4.325912
1417308669294, -0.01955689, -0.9133059, 4.32493
1417308669316, -0.01481392, -0.9127485, 4.321065
1417308669351, -0.01056603, -0.9123313, 4.317926
1417308669385, -0.005981788, -0.9119594, 4.314204
1417308669417, 0.002505889, -0.9128858, 4.304663
1417308669451, 0.006625798, -0.9135857, 4.300446
1417308669484, 0.01050464, -0.9138638, 4.294273
1417308669516, 0.01500645, -0.9184661, 4.288208
1417308669551, 0.01833614, -0.9192775, 4.281034
1417308669584, 0.01998548, -0.9225906, 4.267878
1417308669617, 0.01959396, -0.9232649, 4.259729
1417308669652, 0.01680687, -0.923363, 4.2486
1417308669686, 0.01534339, -0.9271032, 4.231787
1417308669717, 0.0151438, -0.9289446, 4.211565
1417308669750, 0.01315579, -0.9288312, 4.192447
1417308669784, 0.006692255, -0.9301795, 4.172122
1417308669816, 0.007200073, -0.9314671, 4.143039
1417308669850, 0.005807771, -0.9310178, 4.122276
1417308669883, 0.005938113, -0.9300143, 4.085828
1417308669916, -0.007629201, -0.9237626, 4.045854
1417308669949, -0.01416134, -0.9118637, 4.008943
1417308669982, -0.01605683, -0.9001827, 3.967868
1417308670016, -0.02197352, -0.8864149, 3.939771
1417308670049, -0.02588998, -0.8698913, 3.894169
1417308670082, -0.02478026, -0.8609327, 3.868166
1417308670115, -0.02680427, -0.850964, 3.840998
1417308670149, -0.02925983, -0.8432731, 3.818244
1417308670182, -0.03408926, -0.8371165, 3.785948
1417308670216, -0.03437507, -0.8328621, 3.763891
1417308670251, -0.03263241, -0.8323822, 3.733081
1417308670283, -0.03422868, -0.8294851, 3.709559
1417308670316, -0.03357743, -0.8228779, 3.67035
1417308670350, -0.03517713, -0.8236377, 3.651576
1417308670392, -0.03682086, -0.8244774, 3.616298
1417308670417, -0.03563882, -0.8218369, 3.578056
1417308670451, -0.03610029, -0.8233877, 3.545346
1417308670483, -0.03748615, -0.8212297, 3.4956
1417308670515, -0.03751248, -0.8142141, 3.453586
1417308670550, -0.03104234, -0.7969408, 3.399572
1417308670584, -0.02909098, -0.7851169, 3.358579
1417308670616, -0.02748471, -0.7804636, 3.3142
1417308670649, -0.02022642, -0.7705138, 3.276599
1417308670682, -0.0155753, -0.7723902, 3.243855
1417308670715, -0.01421526, -0.7592617, 3.209319
1417308670750, -0.009638361, -0.7494529, 3.176692
1417308670782, -0.007589793, -0.7432474, 3.133084
1417308670819, -0.00634265, -0.7388235, 3.108328
1417308670853, -0.00888826, -0.7384893, 3.064482
1417308670887, -0.01085634, -0.7368292, 3.033233
1417308670920, -0.01761758, -0.737525, 2.994635
1417308670953, -0.02200446, -0.737913, 2.955608
1417308670987, -0.02444684, -0.7361184, 2.921927
1417308671020, -0.02836923, -0.7292821, 2.87051
1417308671054, -0.02425561, -0.720944, 2.829731
1417308671086, -0.03234088, -0.707415, 2.780064
1417308671117, -0.03844396, -0.6928689, 2.746515
1417308671154, -0.04058022, -0.6765038, 2.708545
1417308671185, -0.05122736, -0.6702771, 2.68282
1417308671218, -0.05626448, -0.6570581, 2.640066
1417308671252, -0.05770379, -0.6502812, 2.619948
1417308671285, -0.06012367, -0.6408939, 2.589295
1417308671318, -0.06386635, -0.6338183, 2.563343
1417308671351, -0.06159074, -0.6260301, 2.529335
1417308671385, -0.06377349, -0.6233172, 2.507733
1417308671419, -0.06719106, -0.6204152, 2.473863
1417308671452, -0.06742691, -0.6178118, 2.438578
1417308671484, -0.0694626, -0.6179368, 2.407113
1417308671521, -0.06972703, -0.6176529, 2.368293
1417308671555, -0.06994932, -0.6129347, 2.322419
1417308671589, -0.06970933, -0.6087327, 2.273
1417308671622, -0.06591636, -0.6047252, 2.232453
1417308671656, -0.06229119, -0.594588, 2.185383
1417308671689, -0.06200192, -0.5868497, 2.154842
1417308671722, -0.06070006, -0.5801092, 2.124441
1417308671756, -0.05867817, -0.5687775, 2.089596
1417308671785, -0.05782288, -0.5615404, 2.061297
1417308671818, -0.05712328, -0.5520362, 2.034701
1417308671852, -0.05874076, -0.5472453, 2.009262
1417308671885, -0.05812892, -0.5409694, 1.976256
1417308671917, -0.06171683, -0.5382566, 1.94696
1417308671952, -0.06622341, -0.5365682, 1.914011
1417308671984, -0.06891064, -0.538403, 1.88188
1417308672017, -0.07231499, -0.5399111, 1.845277
1417308672052, -0.07336049, -0.5358312, 1.810676
1417308672085, -0.07603981, -0.5341437, 1.776658
1417308672117, -0.08325057, -0.5327148, 1.74803
1417308672153, -0.08896629, -0.5276529, 1.709543
1417308672185, -0.09492607, -0.5186724, 1.676318
1417308672218, -0.1007993, -0.5114777, 1.651106
1417308672253, -0.1106111, -0.5049139, 1.629055
1417308672287, -0.1185391, -0.4970363, 1.606075
1417308672319, -0.1231602, -0.4923817, 1.588824
1417308672354, -0.1249317, -0.4856874, 1.57315
1417308672386, -0.1255894, -0.4810019, 1.561417
1417308672417, -0.1255879, -0.4757529, 1.550189
1417308672452, -0.1259173, -0.4721756, 1.540346
1417308672485, -0.1274868, -0.468481, 1.530968
1417308672518, -0.1274964, -0.4652852, 1.523121
1417308672553, -0.1270865, -0.4616456, 1.512212
1417308672586, -0.126488, -0.4592766, 1.501954
1417308672618, -0.1255378, -0.4575448, 1.494757
1417308672654, -0.1259153, -0.456223, 1.486089
1417308672686, -0.1252697, -0.4542502, 1.477031
1417308672721, -0.1242688, -0.4532964, 1.471915
1417308672753, -0.1232368, -0.4527847, 1.466891
1417308672786, -0.1234242, -0.4526439, 1.462112
1417308672819, -0.1245306, -0.4529431, 1.456694
1417308672851, -0.1263596, -0.4533774, 1.452022
1417308672885, -0.1273867, -0.4534101, 1.44757
1417308672917, -0.1288075, -0.4533565, 1.443285
1417308672951, -0.130935, -0.4533147, 1.439019
1417308672986, -0.132557, -0.4532886, 1.434925
1417308673019, -0.1345308, -0.4534122, 1.431462
1417308673053, -0.1363322, -0.4532898, 1.428009
1417308673086, -0.1367482, -0.4531143, 1.426338
1417308673118, -0.1370767, -0.4529736, 1.424648
1417308673152, -0.1376095, -0.4527712, 1.423362
1417308673185, -0.1376725, -0.4526156, 1.422247
1417308673218, -0.1373714, -0.4524673, 1.421071
1417308673253, -0.1372445, -0.4522316, 1.420237
1417308673286, -0.136997, -0.4519322, 1.419106
1417308673318, -0.1372144, -0.4517341, 1.417558
1417308673352, -0.1370828, -0.4515328, 1.416072
1417308673386, -0.136653, -0.4514705, 1.414302
1417308673418, -0.1365509, -0.4513662, 1.413413
1417308673453, -0.1361014, -0.4512277, 1.412644
1417308673485, -0.1357405, -0.4511121, 1.412206
1417308673518, -0.1355166, -0.4511116, 1.411864
1417308673552, -0.1352889, -0.4512221, 1.411646
1417308673585, -0.1350867, -0.451234, 1.411451
1417308673618, -0.1348628, -0.4513693, 1.410943
1417308673653, -0.1347629, -0.4513545, 1.410667
1417308673685, -0.1347056, -0.4514313, 1.41049
1417308673718, -0.1346939, -0.4514528, 1.410324
1417308673753, -0.1345081, -0.4514435, 1.410069
1417308673785, -0.1344742, -0.4515079, 1.40966
1417308673818, -0.1343274, -0.4516061, 1.409572
1417308673853, -0.1341545, -0.4517711, 1.409429
1417308673885, -0.1342642, -0.4518806, 1.409332
1417308673919, -0.1343142, -0.4520496, 1.408984
1417308673952, -0.1342812, -0.452186, 1.408808
1417308673985, -0.1342131, -0.4524333, 1.408591
1417308674018, -0.1341293, -0.4525899, 1.408491
1417308674052, -0.1340171, -0.4527299, 1.408335
1417308674085, -0.1337593, -0.4529597, 1.408051
1417308674118, -0.1334913, -0.4531389, 1.407721
1417308674153, -0.1333999, -0.4531843, 1.407617
1417308674186, -0.1333351, -0.4532335, 1.407457
1417308674217, -0.1332374, -0.4532713, 1.407408
1417308674253, -0.1332597, -0.4533425, 1.407242
1417308674286, -0.1332705, -0.4533235, 1.407086
1417308674318, -0.1332376, -0.4533337, 1.407031
1417308674352, -0.133288, -0.4533429, 1.406953
1417308674385, -0.1332627, -0.4533609, 1.406936
1417308674418, -0.133604, -0.4534495, 1.40678
1417308674452, -0.1335714, -0.4534646, 1.406661
1417308674486, -0.1339183, -0.4535584, 1.406384
1417308674517, -0.1342173, -0.4536785, 1.406122
1417308674553, -0.1344267, -0.4536712, 1.405937
1417308674586, -0.1349955, -0.4537807, 1.405575
1417308674619, -0.1354259, -0.4538105, 1.405276
1417308674653, -0.1360549, -0.4538261, 1.404674
1417308674685, -0.1362633, -0.4538271, 1.404525
1417308674718, -0.1367085, -0.4539336, 1.404186
1417308674752, -0.1367786, -0.4538745, 1.404096
1417308674785, -0.1367926, -0.4538702, 1.404056
1417308674818, -0.1368135, -0.4538699, 1.403999
1417308674852, -0.1368013, -0.4538718, 1.403961
1417308674886, -0.1367678, -0.4538366, 1.40389
1417308674918, -0.1367349, -0.4538257, 1.40388
1417308674953, -0.1361771, -0.4538532, 1.403882
1417308674986, -0.1357875, -0.4538196, 1.403779
1417308675018, -0.13535, -0.4538417, 1.403734
1417308675053, -0.1348748, -0.4537113, 1.40361
1417308675086, -0.1346528, -0.4537159, 1.403565
1417308675117, -0.1342281, -0.4537013, 1.403499
1417308675152, -0.1338652, -0.4536622, 1.403538
1417308675185, -0.1335564, -0.4536494, 1.403565
1417308675218, -0.1333406, -0.45359, 1.403566
1417308675252, -0.1330899, -0.4536479, 1.403479
1417308675285, -0.1330109, -0.4536411, 1.40347
1417308675319, -0.1328539, -0.4536063, 1.403478
1417308675352, -0.1325742, -0.4535941, 1.403524
1417308675385, -0.132488, -0.4535736, 1.403499
1417308675418, -0.1324908, -0.4535905, 1.403484
1417308675453, -0.132444, -0.4536192, 1.403487
1417308675485, -0.1323531, -0.4536592, 1.403404
1417308675518, -0.1323522, -0.4536819, 1.403377
1417308675558, -0.1323144, -0.4536967, 1.403305
1417308675585, -0.1322326, -0.4537074, 1.403332
1417308675618, -0.1320346, -0.4536882, 1.403188
1417308675653, -0.1320165, -0.4536826, 1.403115
1417308675685, -0.1320088, -0.4536693, 1.403088
1417308675718, -0.1319949, -0.4536867, 1.403073
1417308675752, -0.1320517, -0.4536978, 1.403025
1417308675785, -0.1320866, -0.4537171, 1.402948
1417308675818, -0.1321116, -0.4537196, 1.402933
1417308675852, -0.132139, -0.4537412, 1.402795
1417308675886, -0.1321293, -0.4537638, 1.402638
1417308675918, -0.1321575, -0.4537762, 1.402326
1417308675952, -0.1322675, -0.4538116, 1.401457
1417308675984, -0.1326547, -0.4537974, 1.400125
1417308676018, -0.1328578, -0.4538918, 1.398427
1417308676052, -0.1327434, -0.4537109, 1.396015
1417308676084, -0.1327114, -0.4533324, 1.39328
1417308676116, -0.132543, -0.4529589, 1.390478
1417308676152, -0.132195, -0.4518535, 1.387369
1417308676184, -0.1313689, -0.4503577, 1.385453
1417308676217, -0.1307865, -0.448172, 1.384137
1417308676251, -0.1310289, -0.4452846, 1.382763
1417308676284, -0.1308487, -0.4428635, 1.382459
1417308676317, -0.1305052, -0.4414558, 1.382746
1417308676351, -0.1297807, -0.4406855, 1.383274
1417308676384, -0.129581, -0.4407209, 1.383713
1417308676417, -0.1294835, -0.4422736, 1.384409
1417308676451, -0.1303038, -0.4455327, 1.386246
1417308676485, -0.1303342, -0.4472285, 1.387696
1417308676517, -0.130566, -0.4478096, 1.389466
1417308676557, -0.1306312, -0.4481494, 1.392541
1417308676590, -0.1301534, -0.448887, 1.395835
1417308676622, -0.1302391, -0.4495892, 1.397328
1417308676658, -0.1302365, -0.4499912, 1.397917
1417308676687, -0.1301393, -0.4501769, 1.398571
1417308676720, -0.1297455, -0.4502832, 1.399188
1417308676754, -0.1297403, -0.4503432, 1.39932
1417308676788, -0.1297491, -0.4503767, 1.399339
1417308676821, -0.1296663, -0.4504491, 1.399254
1417308676855, -0.1295628, -0.4504503, 1.398878
1417308676888, -0.1298716, -0.4502659, 1.397738
1417308676921, -0.1305227, -0.4498418, 1.396191
1417308676956, -0.1308906, -0.4486126, 1.394823
1417308676989, -0.1312397, -0.4468147, 1.393672
1417308677022, -0.1312916, -0.4441016, 1.392824
1417308677054, -0.1315142, -0.4419284, 1.39277
1417308677088, -0.1316404, -0.4413309, 1.39293
1417308677120, -0.1316283, -0.4414068, 1.393138
1417308677155, -0.1316783, -0.4438181, 1.394088
1417308677188, -0.1317112, -0.4459654, 1.39449
1417308677220, -0.1319491, -0.446368, 1.394801
1417308677255, -0.1321122, -0.4464652, 1.394928
1417308677347, -0.1322029, -0.4465669, 1.39513
1417308677362, -0.1321293, -0.4472424, 1.395154
1417308677391, -0.1322989, -0.4475381, 1.394935
1417308677419, -0.1324943, -0.4478319, 1.394501
1417308677453, -0.1327394, -0.4479244, 1.39382
1417308677483, -0.1330773, -0.4481478, 1.392229
1417308677516, -0.1334417, -0.4480932, 1.389482
1417308677549, -0.1339435, -0.4476253, 1.387536
1417308677585, -0.1339802, -0.4465164, 1.385338
1417308677617, -0.13397, -0.4448455, 1.383602
1417308677650, -0.1336475, -0.442028, 1.381808
1417308677685, -0.1335035, -0.4392587, 1.380463
1417308677719, -0.133621, -0.4371593, 1.379953
1417308677754, -0.1336123, -0.4364733, 1.379945
1417308677787, -0.1337818, -0.4365455, 1.379934
1417308677821, -0.13469, -0.4394876, 1.379993
1417308677854, -0.1349881, -0.4418614, 1.379864
1417308677886, -0.135115, -0.4421823, 1.379948
1417308677921, -0.13537, -0.4423545, 1.380451
1417308677954, -0.135684, -0.4423853, 1.381078
1417308677987, -0.135661, -0.4427254, 1.381414
1417308678019, -0.1357781, -0.4431669, 1.381781
1417308678054, -0.1358801, -0.4438491, 1.382234
1417308678087, -0.1359908, -0.4441509, 1.382442
1417308678117, -0.1362388, -0.4442632, 1.382718
1417308678151, -0.1364491, -0.444519, 1.383192
1417308678185, -0.1368346, -0.4448559, 1.383373
1417308678218, -0.1374153, -0.4452828, 1.383553
1417308678252, -0.1379846, -0.4458346, 1.383699
1417308678285, -0.1387547, -0.4461613, 1.383829
1417308678317, -0.1395132, -0.4466361, 1.384111
1417308678353, -0.1398073, -0.4469089, 1.384234
1417308678392, -0.1401282, -0.4471438, 1.384494
1417308678418, -0.1405615, -0.4475048, 1.384886
1417308678451, -0.1406703, -0.4477003, 1.385132
1417308678484, -0.1408025, -0.4479562, 1.385571
1417308678516, -0.140859, -0.4481714, 1.38592
1417308678552, -0.1407958, -0.4483632, 1.386278
1417308678585, -0.1405341, -0.4485694, 1.387138
1417308678616, -0.1401875, -0.4488734, 1.388009
1417308678653, -0.1395618, -0.4491748, 1.389118
1417308678684, -0.139011, -0.4494525, 1.390144
1417308678717, -0.1386054, -0.4496175, 1.390844
1417308678752, -0.1383464, -0.4497387, 1.391543
1417308678785, -0.1379862, -0.4499131, 1.392258
1417308678818, -0.137787, -0.4501506, 1.393229
1417308678854, -0.1377252, -0.4502727, 1.394225
1417308678894, -0.1374486, -0.4504069, 1.395192
1417308678920, -0.1373909, -0.4505448, 1.395715
1417308678952, -0.137217, -0.450607, 1.396444
1417308678986, -0.1371174, -0.4507275, 1.39685
1417308679019, -0.1365512, -0.4509105, 1.397641
1417308679052, -0.1364312, -0.4509495, 1.398099
1417308679086, -0.1364823, -0.4510143, 1.398561
1417308679120, -0.1363778, -0.4510931, 1.399125
1417308679154, -0.1361647, -0.4512683, 1.399547
1417308679188, -0.136305, -0.4513628, 1.399945
1417308679219, -0.136271, -0.4515237, 1.40053
1417308679254, -0.1362823, -0.4515675, 1.400698
1417308679286, -0.1362943, -0.4516567, 1.400814
1417308679317, -0.1362943, -0.4517005, 1.400944
1417308679352, -0.1362693, -0.4517279, 1.401062
1417308679395, -0.1361848, -0.4517744, 1.401292
1417308679419, -0.136168, -0.4517921, 1.401307
1417308679451, -0.1360841, -0.4518542, 1.401397
1417308679485, -0.1360581, -0.4519194, 1.401465
1417308679516, -0.1360108, -0.4519473, 1.401609
1417308679551, -0.136002, -0.4520167, 1.401695
1417308679585, -0.135969, -0.4520854, 1.4018
1417308679623, -0.1359197, -0.4521951, 1.401913
1417308679650, -0.1358107, -0.4521958, 1.402071
1417308679685, -0.1358066, -0.4522119, 1.402246
1417308679727, -0.1357392, -0.4523156, 1.402414
1417308679750, -0.1356876, -0.4523766, 1.402534
1417308679790, -0.1347951, -0.4524817, 1.402694
1417308679818, -0.1344928, -0.4525917, 1.402857
1417308679852, -0.1344221, -0.4526657, 1.402927
1417308679885, -0.1339312, -0.4528825, 1.403115
1417308679917, -0.1335077, -0.4530913, 1.403582
1417308679952, -0.1331881, -0.4533709, 1.403883
1417308679984, -0.1330374, -0.4534127, 1.403986
1417308680017, -0.133027, -0.4534235, 1.403998
1417308680051, -0.1327368, -0.453441, 1.404082
1417308680084, -0.1322793, -0.4535848, 1.404076
1417308680117, -0.1322787, -0.4535861, 1.40407
1417308680151, -0.1322938, -0.4536198, 1.404101
1417308680184, -0.1323158, -0.4536294, 1.404093
1417308680218, -0.1321111, -0.453644, 1.404095
1417308680252, -0.1321181, -0.4536515, 1.404068
1417308680284, -0.1321265, -0.4537719, 1.403795
1417308680316, -0.132159, -0.4537376, 1.403667
1417308680352, -0.1321631, -0.4537316, 1.403537
1417308680384, -0.1322102, -0.453728, 1.40336
1417308680417, -0.1322699, -0.4537247, 1.403251
1417308680452, -0.1323546, -0.4537449, 1.403064
1417308680485, -0.1324311, -0.4537135, 1.402889
1417308680517, -0.1327128, -0.453695, 1.402545
1417308680552, -0.1330532, -0.4536017, 1.402183
1417308680621, -0.1332926, -0.4535601, 1.401954
1417308680652, -0.1337254, -0.45353, 1.401224
1417308680684, -0.1340118, -0.4535038, 1.400896
1417308680716, -0.1342208, -0.4535147, 1.400508
1417308680752, -0.1343277, -0.4534526, 1.400198
1417308680785, -0.1344597, -0.4533756, 1.399933
1417308680817, -0.1345792, -0.4533365, 1.399793
1417308680852, -0.1346594, -0.453339, 1.399665
1417308680884, -0.134686, -0.4533119, 1.399414
1417308680917, -0.1347976, -0.4532565, 1.399153
1417308680951, -0.1348315, -0.4532253, 1.398959
1417308680984, -0.1348132, -0.4531851, 1.398843
1417308681017, -0.1347827, -0.4531637, 1.398802
1417308681051, -0.134813, -0.4531714, 1.398736
1417308681084, -0.1348205, -0.4531627, 1.398683
1417308681116, -0.1348546, -0.4530933, 1.398474
1417308681151, -0.1348198, -0.4530995, 1.398423
1417308681183, -0.1348226, -0.4531269, 1.398308
1417308681218, -0.1348356, -0.4531068, 1.398214
1417308681252, -0.1348487, -0.4531069, 1.398001
1417308681285, -0.1348729, -0.4531811, 1.397854
1417308681316, -0.1349186, -0.453156, 1.397706
1417308681351, -0.1349608, -0.4531724, 1.397507
1417308681384, -0.134969, -0.4532031, 1.397331
1417308681417, -0.1349737, -0.4532195, 1.397293
1417308681452, -0.1350035, -0.4532496, 1.397228
1417308681484, -0.1350001, -0.4532545, 1.39722
1417308681517, -0.1349958, -0.4532473, 1.39709
1417308681552, -0.1349319, -0.4532891, 1.396962
1417308681584, -0.1349308, -0.453285, 1.396948
1417308681618, -0.1349231, -0.4532931, 1.396937
1417308681652, -0.1347508, -0.4533102, 1.396828
1417308681684, -0.1347253, -0.4533089, 1.396773
1417308681716, -0.1347129, -0.4533114, 1.396756
1417308681753, -0.1346673, -0.453353, 1.396711
1417308681784, -0.1346577, -0.4533513, 1.396664
1417308681817, -0.1346246, -0.4533732, 1.396665
1417308681852, -0.1346199, -0.4533786, 1.396646
1417308681885, -0.1346184, -0.4533971, 1.396648
1417308681916, -0.1346051, -0.4534021, 1.396648
1417308681951, -0.1345962, -0.4534142, 1.396658
1417308681983, -0.1345896, -0.4534192, 1.396678
1417308682015, -0.1345712, -0.453434, 1.396684
1417308682050, -0.1346029, -0.4534677, 1.396675
1417308682094, -0.1346421, -0.4534795, 1.39672
1417308682116, -0.1346782, -0.4535152, 1.396765
1417308682151, -0.1348162, -0.4535923, 1.396803
1417308682185, -0.1349563, -0.4536306, 1.396744
1417308682218, -0.1354639, -0.4538829, 1.396547
1417308682251, -0.1363418, -0.4539263, 1.396048
1417308682283, -0.1378004, -0.4539098, 1.394918
1417308682316, -0.1393479, -0.4539414, 1.393332
1417308682351, -0.1414433, -0.4542011, 1.390057
1417308682385, -0.1446066, -0.4542563, 1.385769
1417308682417, -0.1474567, -0.4548127, 1.381291
1417308682451, -0.1494999, -0.454982, 1.376687
1417308682484, -0.1522032, -0.4550926, 1.370719
1417308682516, -0.1555568, -0.4535183, 1.364901
1417308682551, -0.1601761, -0.4519491, 1.358932
1417308682584, -0.1632217, -0.4505368, 1.35105
1417308682616, -0.1661392, -0.4489405, 1.34324
1417308682652, -0.1683213, -0.4476557, 1.334856
1417308682684, -0.1691727, -0.4461871, 1.324475
1417308682718, -0.1687688, -0.4452688, 1.313831
1417308682751, -0.1676256, -0.4447606, 1.300367
1417308682784, -0.1660429, -0.4449342, 1.282953
1417308682818, -0.1649902, -0.4453029, 1.266119
1417308682852, -0.1661802, -0.4475585, 1.249778
1417308682885, -0.1657989, -0.4490928, 1.225227
1417308682917, -0.1582477, -0.4504054, 1.192833
1417308682952, -0.1544771, -0.4486453, 1.170465
1417308682986, -0.1533068, -0.4454832, 1.141886
1417308683017, -0.1503669, -0.4406988, 1.104537
1417308683052, -0.1489023, -0.4343593, 1.077015
1417308683085, -0.1461888, -0.4244164, 1.043086
1417308683116, -0.1422327, -0.4173951, 1.014881
1417308683151, -0.1358965, -0.4061283, 0.9870562
1417308683186, -0.1259071, -0.3977902, 0.9602408
1417308683218, -0.1193775, -0.3899434, 0.9359557
1417308683253, -0.1160698, -0.3827005, 0.912688
1417308683286, -0.1142325, -0.3764089, 0.891808
1417308683320, -0.1126933, -0.3713495, 0.8723102
1417308683354, -0.1126198, -0.3667947, 0.8505405
1417308683387, -0.1111729, -0.3620281, 0.8265962
1417308683419, -0.1118385, -0.3583111, 0.8055119
1417308683461, -0.1142776, -0.3540841, 0.7763337
1417308683486, -0.1160134, -0.3491836, 0.7475507
1417308683519, -0.1215804, -0.3455797, 0.720152
1417308683554, -0.1302912, -0.3435005, 0.6911972
1417308683587, -0.1318886, -0.33402, 0.6714575
1417308683619, -0.1584501, -0.3321462, 0.6291817
1417308683653, -0.196782, -0.3305389, 0.6099153
1417308683686, -0.2219765, -0.3073366, 0.5922489
1417308683718, -0.2333086, -0.2969331, 0.5829061
1417308683753, -0.2496893, -0.3109131, 0.5508069
1417308683784, -0.142192, -0.3013268, 0.5577692
1417308683817, -0.1353503, -0.3130333, 0.5290169
