timestamp  X  Y  Z  
1417308635649, -0.225639, -0.4274404, 1.211396
1417308635683, -0.2208853, -0.4220557, 1.197826
1417308635715, -0.219603, -0.4222229, 1.199241
1417308635750, -0.2164497, -0.4285481, 1.218486
1417308635793, -0.2150343, -0.435097, 1.240131
1417308635815, -0.213943, -0.4423537, 1.264505
1417308635850, -0.2124253, -0.4545818, 1.286293
1417308635882, -0.2129717, -0.460607, 1.301393
1417308635916, -0.2155841, -0.4628242, 1.317899
1417308635950, -0.2143565, -0.4651301, 1.334
1417308635982, -0.2123322, -0.463977, 1.348993
1417308636015, -0.2115996, -0.4623995, 1.368581
1417308636049, -0.2110888, -0.4625504, 1.386658
1417308636081, -0.2123259, -0.4603502, 1.405028
1417308636115, -0.2124961, -0.4597091, 1.421706
1417308636148, -0.2135026, -0.4605158, 1.438717
1417308636183, -0.2127948, -0.4613887, 1.45532
1417308636215, -0.2138852, -0.461399, 1.470131
1417308636250, -0.2114336, -0.4612672, 1.485685
1417308636282, -0.209653, -0.4607316, 1.498193
1417308636315, -0.2094673, -0.4600536, 1.512419
1417308636349, -0.2081713, -0.4602512, 1.524543
1417308636382, -0.2062776, -0.461233, 1.538465
1417308636415, -0.2041911, -0.4636277, 1.553563
1417308636449, -0.2004771, -0.4653167, 1.57034
1417308636482, -0.1980405, -0.4671327, 1.587117
1417308636513, -0.1968606, -0.4695123, 1.604474
1417308636549, -0.1941526, -0.4719979, 1.625697
1417308636582, -0.1899473, -0.4752579, 1.646627
1417308636613, -0.1835043, -0.4804051, 1.672808
1417308636649, -0.1783664, -0.4856189, 1.698684
1417308636681, -0.1731104, -0.4934928, 1.729131
1417308636713, -0.1661709, -0.502673, 1.756318
1417308636749, -0.1605986, -0.5171455, 1.791708
1417308636781, -0.1545583, -0.5310057, 1.827486
1417308636813, -0.1465336, -0.5452451, 1.861943
1417308636849, -0.1385417, -0.5603926, 1.901755
1417308636882, -0.1321848, -0.5711448, 1.938073
1417308636914, -0.1277256, -0.5762215, 1.974911
1417308636948, -0.1233328, -0.5781993, 2.010212
1417308636981, -0.124432, -0.5741032, 2.042501
1417308637015, -0.1241419, -0.5651242, 2.070038
1417308637049, -0.1257322, -0.557161, 2.099619
1417308637081, -0.1251743, -0.5523785, 2.124956
1417308637113, -0.1268686, -0.5538566, 2.151517
1417308637149, -0.1279817, -0.5569431, 2.179138
1417308637181, -0.1279098, -0.5653682, 2.20414
1417308637215, -0.1293026, -0.5746123, 2.235677
1417308637248, -0.1342186, -0.5839213, 2.270019
1417308637281, -0.1365605, -0.5969447, 2.303129
1417308637313, -0.1377479, -0.6118135, 2.34695
1417308637352, -0.144639, -0.6230199, 2.382001
1417308637382, -0.145968, -0.6306797, 2.419128
1417308637413, -0.1500968, -0.6353762, 2.45282
1417308637449, -0.1517811, -0.6356816, 2.478189
1417308637481, -0.1545137, -0.6322889, 2.5097
1417308637513, -0.1542107, -0.6305479, 2.531008
1417308637549, -0.1523698, -0.6261709, 2.562768
1417308637581, -0.1505585, -0.6253799, 2.583328
1417308637613, -0.1469063, -0.6264952, 2.609192
1417308637649, -0.1466449, -0.6312746, 2.632746
1417308637681, -0.145619, -0.6390737, 2.658059
1417308637713, -0.1419793, -0.6456069, 2.686946
1417308637748, -0.1405369, -0.6547776, 2.712295
1417308637781, -0.138634, -0.6635702, 2.748114
1417308637813, -0.1327901, -0.6765221, 2.78138
1417308637852, -0.1277044, -0.690054, 2.81424
1417308637881, -0.1198055, -0.7060727, 2.852388
1417308637913, -0.1151386, -0.7222089, 2.895379
1417308637949, -0.1108272, -0.7318618, 2.928066
1417308637981, -0.1049401, -0.7380191, 2.961608
1417308638013, -0.1026532, -0.7381128, 2.991122
1417308638048, -0.09664312, -0.7351881, 3.012934
1417308638081, -0.09026075, -0.7265615, 3.043624
1417308638112, -0.08736942, -0.721635, 3.060494
1417308638149, -0.08102401, -0.7176657, 3.089853
1417308638187, -0.07993524, -0.7195382, 3.107717
1417308638213, -0.07901361, -0.7253159, 3.131374
1417308638249, -0.07786229, -0.7304191, 3.157549
1417308638281, -0.07700372, -0.7358136, 3.18322
1417308638312, -0.0759827, -0.7429645, 3.212951
1417308638348, -0.07497957, -0.747742, 3.240045
1417308638380, -0.07532241, -0.7556195, 3.273765
1417308638413, -0.07521839, -0.7651972, 3.306727
1417308638448, -0.07728422, -0.7761389, 3.344006
1417308638482, -0.07768478, -0.7844042, 3.382892
1417308638513, -0.07958557, -0.7969212, 3.413676
1417308638549, -0.08191589, -0.807044, 3.447502
1417308638582, -0.08326932, -0.8122765, 3.479679
1417308638613, -0.08439019, -0.8132846, 3.505388
1417308638649, -0.0808401, -0.8050436, 3.529569
1417308638681, -0.07926758, -0.8064865, 3.5615
1417308638712, -0.07418775, -0.8022544, 3.579653
1417308638748, -0.07379351, -0.8060967, 3.598921
1417308638781, -0.07058929, -0.806882, 3.61658
1417308638812, -0.06309527, -0.8097941, 3.642719
1417308638848, -0.05995503, -0.8128951, 3.659756
1417308638882, -0.05512068, -0.8162817, 3.678589
1417308638913, -0.05010493, -0.8191663, 3.697504
1417308638948, -0.04678812, -0.8259827, 3.718976
1417308638981, -0.04165018, -0.83324, 3.744536
1417308639013, -0.03729539, -0.8436657, 3.779175
1417308639048, -0.03095385, -0.8516845, 3.80363
1417308639082, -0.01660517, -0.866255, 3.845524
1417308639112, -0.007389892, -0.8750244, 3.875786
1417308639148, 0.0009554547, -0.8815785, 3.902798
1417308639181, 0.007841154, -0.8886953, 3.927452
1417308639213, 0.01533177, -0.8933337, 3.949223
1417308639248, 0.02429708, -0.89296, 3.971986
1417308639281, 0.03199751, -0.8914537, 3.995379
1417308639312, 0.03326011, -0.8920079, 4.011891
1417308639348, 0.03273397, -0.8917243, 4.028001
1417308639381, 0.03345838, -0.887514, 4.047158
1417308639412, 0.0325553, -0.889603, 4.060641
1417308639448, 0.03053003, -0.8899158, 4.073713
1417308639480, 0.03002215, -0.892727, 4.085999
1417308639512, 0.02969419, -0.8967564, 4.100642
1417308639548, 0.02721647, -0.8987861, 4.116622
1417308639581, 0.02125063, -0.9026974, 4.13285
1417308639613, 0.01931749, -0.9040026, 4.143064
1417308639648, 0.0157109, -0.9068608, 4.162933
1417308639681, 0.01410337, -0.9133182, 4.182979
1417308639714, 0.01051304, -0.9173874, 4.196637
1417308639749, 0.005799663, -0.9273687, 4.218966
1417308639782, 0.004296886, -0.9295965, 4.228473
1417308639813, -0.005223381, -0.9378954, 4.26191
1417308639848, -0.008543235, -0.939949, 4.270117
1417308639880, -0.01263219, -0.9441654, 4.286517
1417308639913, -0.01140239, -0.9438922, 4.294639
1417308639948, -0.0110501, -0.9456143, 4.302489
1417308639980, -0.01422769, -0.9452167, 4.315748
1417308640013, -0.0150014, -0.9450746, 4.321551
1417308640048, -0.01487805, -0.9462687, 4.324722
1417308640081, -0.01543341, -0.9460971, 4.329278
1417308640112, -0.01647143, -0.9462602, 4.33302
1417308640148, -0.01833809, -0.9462473, 4.340739
1417308640180, -0.02111065, -0.9449188, 4.348366
1417308640213, -0.02051944, -0.9439226, 4.351702
1417308640249, -0.02059197, -0.9431897, 4.353685
1417308640281, -0.02056425, -0.9396929, 4.357286
1417308640313, -0.02076093, -0.9395071, 4.359898
1417308640348, -0.0207184, -0.9388478, 4.36108
1417308640380, -0.02038745, -0.9381083, 4.363497
1417308640412, -0.02078472, -0.9370283, 4.365171
1417308640448, -0.02047357, -0.9364967, 4.366505
1417308640481, -0.02022438, -0.9359527, 4.367617
1417308640513, -0.02078843, -0.9348639, 4.369516
1417308640548, -0.0208051, -0.9340189, 4.371314
1417308640582, -0.02055623, -0.9331303, 4.371907
1417308640612, -0.02024401, -0.9319338, 4.372488
1417308640648, -0.02048131, -0.9314768, 4.373501
1417308640681, -0.01994954, -0.9298681, 4.374778
1417308640713, -0.01986772, -0.9296774, 4.375799
1417308640747, -0.01965354, -0.9294944, 4.375741
1417308640781, -0.01966962, -0.9292415, 4.375758
1417308640813, -0.01851738, -0.9284226, 4.375094
1417308640847, -0.01852081, -0.9281005, 4.374776
1417308640881, -0.01787614, -0.9279632, 4.37456
1417308640913, -0.01746404, -0.9282508, 4.374088
1417308640948, -0.01755631, -0.9279095, 4.373651
1417308640980, -0.01809014, -0.9274759, 4.373197
1417308641013, -0.01853345, -0.9270035, 4.372321
1417308641049, -0.01870088, -0.9266126, 4.371594
1417308641080, -0.01944606, -0.9259158, 4.370382
1417308641112, -0.0198325, -0.9252325, 4.369267
1417308641149, -0.01983711, -0.9250257, 4.368865
1417308641181, -0.020047, -0.9246866, 4.368414
1417308641213, -0.01992705, -0.9244628, 4.36817
1417308641247, -0.01994469, -0.9244714, 4.368165
1417308641281, -0.02015723, -0.9246336, 4.368263
1417308641312, -0.02032568, -0.9246615, 4.368311
1417308641348, -0.02032112, -0.9247457, 4.368358
1417308641381, -0.02054191, -0.9249563, 4.369467
1417308641412, -0.01997908, -0.926353, 4.371667
1417308641448, -0.01995735, -0.9264131, 4.371794
1417308641479, -0.01979747, -0.9269145, 4.372679
1417308641513, -0.01987379, -0.9264892, 4.373359
1417308641548, -0.0197758, -0.9262067, 4.37319
1417308641580, -0.01965989, -0.9260618, 4.373209
1417308641612, -0.01962665, -0.9261736, 4.373366
1417308641648, -0.01961719, -0.9261544, 4.373392
1417308641681, -0.01993161, -0.926094, 4.373249
1417308641712, -0.02003213, -0.926085, 4.373289
1417308641748, -0.0199623, -0.9260098, 4.373137
1417308641779, -0.01997218, -0.9259325, 4.372926
1417308641813, -0.02012793, -0.9257413, 4.37291
1417308641848, -0.02042856, -0.9256881, 4.372849
1417308641880, -0.02006769, -0.9248864, 4.373181
1417308641913, -0.02094647, -0.9240066, 4.373169
1417308641948, -0.02300694, -0.9229557, 4.374319
1417308641981, -0.02339627, -0.9229206, 4.374431
1417308642013, -0.0239882, -0.9242728, 4.375665
1417308642047, -0.02429446, -0.9249988, 4.376356
1417308642081, -0.02482115, -0.9255184, 4.376668
1417308642113, -0.02463629, -0.9256707, 4.377578
1417308642146, -0.02483404, -0.9253387, 4.377909
1417308642181, -0.02437419, -0.9260131, 4.378651
1417308642212, -0.02444236, -0.9262048, 4.378589
1417308642248, -0.02429865, -0.9261122, 4.378255
1417308642279, -0.02419277, -0.9260587, 4.378025
1417308642312, -0.02405668, -0.9264048, 4.378455
1417308642348, -0.02386388, -0.9262414, 4.378512
1417308642379, -0.02204469, -0.9266485, 4.378487
1417308642412, -0.02113489, -0.9267551, 4.378989
1417308642448, -0.0199032, -0.9265323, 4.379499
1417308642480, -0.0194409, -0.9267027, 4.380266
1417308642513, -0.01960077, -0.9271991, 4.381152
1417308642548, -0.01879266, -0.9279552, 4.382221
1417308642581, -0.01881795, -0.9274373, 4.382661
1417308642612, -0.01924241, -0.9266779, 4.382488
1417308642646, -0.01910074, -0.9266297, 4.382516
1417308642679, -0.01934057, -0.926474, 4.382468
1417308642711, -0.01880183, -0.9271649, 4.382821
1417308642745, -0.01896398, -0.9273894, 4.382078
1417308642778, -0.01920871, -0.9278912, 4.382199
1417308642811, -0.02063622, -0.9300781, 4.383032
1417308642845, -0.02087422, -0.930576, 4.382828
1417308642881, -0.02103742, -0.9313559, 4.382898
1417308642913, -0.02098905, -0.9316057, 4.382866
1417308642948, -0.02075506, -0.9319596, 4.383366
1417308642981, -0.0204639, -0.9326741, 4.383046
1417308643012, -0.02082913, -0.9327424, 4.382898
1417308643048, -0.02082137, -0.9334581, 4.382772
1417308643079, -0.02089602, -0.9332293, 4.382546
1417308643113, -0.02149701, -0.9336974, 4.382141
1417308643148, -0.02214486, -0.9344567, 4.381402
1417308643180, -0.02300124, -0.9349041, 4.380836
1417308643212, -0.02535142, -0.9336227, 4.377872
1417308643248, -0.02547752, -0.9338381, 4.377504
1417308643281, -0.02603283, -0.9335024, 4.377616
1417308643312, -0.02660294, -0.9334472, 4.377173
1417308643348, -0.02709935, -0.9327236, 4.37631
1417308643380, -0.02761142, -0.9327369, 4.375537
1417308643413, -0.02790237, -0.9327167, 4.375566
1417308643448, -0.0280247, -0.9326611, 4.37553
1417308643481, -0.02804154, -0.9326856, 4.375377
1417308643513, -0.02735799, -0.9319156, 4.375205
1417308643548, -0.02697542, -0.9324827, 4.375623
1417308643581, -0.02695864, -0.9326179, 4.375721
1417308643613, -0.02674586, -0.9326869, 4.376276
1417308643648, -0.02607039, -0.932418, 4.376863
1417308643681, -0.02547052, -0.9332479, 4.377723
1417308643712, -0.02530112, -0.9339375, 4.378273
1417308643748, -0.02515931, -0.9338481, 4.378479
1417308643780, -0.02499525, -0.9339599, 4.378968
1417308643812, -0.02497136, -0.9337372, 4.379283
1417308643847, -0.0248217, -0.934218, 4.379771
1417308643880, -0.02489194, -0.9344614, 4.380682
1417308643912, -0.0247942, -0.9345352, 4.380754
1417308643947, -0.02524005, -0.9339203, 4.380003
1417308643979, -0.02508599, -0.9338389, 4.379624
1417308644012, -0.02522475, -0.9336673, 4.379495
1417308644048, -0.02581118, -0.9324301, 4.379639
1417308644081, -0.02654956, -0.9335085, 4.380075
1417308644112, -0.02695278, -0.9336116, 4.380227
1417308644148, -0.02759582, -0.9334263, 4.379869
1417308644181, -0.02742144, -0.9332849, 4.380253
1417308644213, -0.02707354, -0.9333603, 4.380528
1417308644246, -0.02863811, -0.93326, 4.379544
1417308644281, -0.02743397, -0.9342766, 4.380481
1417308644312, -0.02745276, -0.9330313, 4.380411
1417308644348, -0.0279537, -0.9323584, 4.380238
1417308644380, -0.02834431, -0.9314296, 4.380933
1417308644412, -0.0291129, -0.9312033, 4.382165
1417308644446, -0.02985151, -0.9306405, 4.382733
1417308644480, -0.03076366, -0.9310727, 4.383756
1417308644515, -0.03269581, -0.9321206, 4.385418
1417308644547, -0.03347034, -0.9325843, 4.385813
1417308644581, -0.03556049, -0.9330743, 4.389063
1417308644613, -0.03625005, -0.9334826, 4.389571
1417308644646, -0.03884125, -0.9351354, 4.391634
1417308644681, -0.04085765, -0.9352558, 4.39383
1417308644712, -0.04197357, -0.9352711, 4.394245
1417308644748, -0.04471098, -0.9348814, 4.394465
1417308644779, -0.04632117, -0.9353793, 4.395241
1417308644812, -0.0471052, -0.9352152, 4.395155
1417308644846, -0.048433, -0.9348008, 4.394165
1417308644881, -0.04896156, -0.9347445, 4.393888
1417308644913, -0.0494478, -0.9352648, 4.39379
1417308644948, -0.05021455, -0.9351885, 4.392847
1417308644981, -0.05062248, -0.9351692, 4.392304
1417308645012, -0.05062277, -0.9352835, 4.391839
1417308645047, -0.05095169, -0.9352894, 4.389974
1417308645081, -0.05040598, -0.9353731, 4.386837
1417308645113, -0.04999368, -0.9346378, 4.385449
1417308645146, -0.05061925, -0.9342314, 4.384355
1417308645180, -0.05073141, -0.9341697, 4.383772
1417308645212, -0.05087367, -0.934449, 4.38313
1417308645247, -0.05071107, -0.9352272, 4.382441
1417308645281, -0.05080517, -0.9360181, 4.381786
1417308645313, -0.05106754, -0.9382941, 4.380562
1417308645348, -0.05238196, -0.9425116, 4.37613
1417308645381, -0.0503682, -0.9470952, 4.374741
1417308645413, -0.04816886, -0.952644, 4.373593
1417308645445, -0.04831477, -0.9554842, 4.374919
1417308645478, -0.04550139, -0.9596398, 4.375319
1417308645511, -0.04437765, -0.9614603, 4.375628
1417308645545, -0.04344607, -0.9666985, 4.377809
1417308645578, -0.04273197, -0.9680541, 4.378711
1417308645611, -0.04248562, -0.9686709, 4.379074
1417308645646, -0.04414042, -0.9718577, 4.380451
1417308645681, -0.04171608, -0.972357, 4.381592
1417308645711, -0.04233252, -0.9736187, 4.383461
1417308645746, -0.04152682, -0.9734054, 4.383907
1417308645781, -0.03909956, -0.9740635, 4.383621
1417308645812, -0.03924922, -0.9739723, 4.384157
1417308645846, -0.0382854, -0.9731292, 4.38392
1417308645881, -0.03823319, -0.9712072, 4.383351
1417308645912, -0.0356905, -0.9659301, 4.381858
1417308645947, -0.03468539, -0.9629026, 4.379872
1417308645979, -0.03314681, -0.950679, 4.375692
1417308646012, -0.03428229, -0.9446009, 4.370133
1417308646046, -0.03548948, -0.9412809, 4.368032
1417308646079, -0.03836209, -0.9403311, 4.365054
1417308646112, -0.0391483, -0.938921, 4.362078
1417308646147, -0.0404673, -0.9354699, 4.359276
1417308646181, -0.04209165, -0.9333943, 4.357088
1417308646213, -0.04299964, -0.9290309, 4.3555
1417308646248, -0.0424037, -0.9249265, 4.354142
1417308646280, -0.04255154, -0.9240279, 4.3539
1417308646313, -0.04245949, -0.9234625, 4.353991
1417308646348, -0.04256031, -0.9235359, 4.354065
1417308646379, -0.04421624, -0.9269192, 4.355834
1417308646412, -0.04401559, -0.9287569, 4.35588
1417308646446, -0.04378373, -0.9289298, 4.3564
1417308646479, -0.0432482, -0.9294863, 4.360105
1417308646512, -0.04211049, -0.92885, 4.362969
1417308646546, -0.04227751, -0.9309899, 4.364137
1417308646579, -0.04184287, -0.9308124, 4.365189
1417308646612, -0.04184939, -0.930649, 4.365636
1417308646646, -0.04216304, -0.9308087, 4.366439
1417308646681, -0.04227164, -0.9311418, 4.367662
1417308646713, -0.0422672, -0.9310745, 4.367847
1417308646747, -0.0421304, -0.9308909, 4.367893
1417308646781, -0.04141223, -0.9304004, 4.367885
1417308646813, -0.04102682, -0.9297855, 4.367669
1417308646848, -0.04050595, -0.9271411, 4.367211
1417308646879, -0.03961395, -0.925689, 4.367436
1417308646912, -0.03844765, -0.9241053, 4.368449
1417308646948, -0.03820388, -0.9225167, 4.368905
1417308646981, -0.03796926, -0.9230229, 4.369052
1417308647013, -0.03738155, -0.9260266, 4.370274
1417308647048, -0.03690117, -0.9274089, 4.3701
1417308647081, -0.03633337, -0.9273781, 4.370544
1417308647113, -0.03567971, -0.9277037, 4.37143
1417308647149, -0.03286926, -0.9276308, 4.372567
1417308647181, -0.03041095, -0.9307651, 4.374028
1417308647212, -0.0303647, -0.9307635, 4.374053
1417308647246, -0.03029157, -0.9308128, 4.374043
1417308647281, -0.02992867, -0.9308861, 4.374021
1417308647312, -0.02928836, -0.9306843, 4.3738
1417308647348, -0.02911882, -0.9305902, 4.373592
1417308647382, -0.02738653, -0.9292665, 4.372241
1417308647412, -0.02614608, -0.9267147, 4.371743
1417308647448, -0.02475391, -0.9249912, 4.371948
1417308647481, -0.02473054, -0.9245799, 4.372362
1417308647513, -0.02506634, -0.9233488, 4.373576
1417308647548, -0.02420799, -0.9238837, 4.374899
1417308647579, -0.02350683, -0.9250959, 4.378024
1417308647613, -0.02250986, -0.9274465, 4.381215
1417308647648, -0.02139416, -0.9283202, 4.383991
1417308647682, -0.02220079, -0.9299836, 4.386878
1417308647712, -0.0212504, -0.9311397, 4.390259
1417308647746, -0.02107002, -0.9320545, 4.392084
1417308647781, -0.02004887, -0.9317898, 4.393512
1417308647812, -0.01949229, -0.9303508, 4.394103
1417308647847, -0.02074735, -0.9288109, 4.394079
1417308647879, -0.02105083, -0.9281312, 4.393992
1417308647912, -0.02127578, -0.927378, 4.393683
1417308647947, -0.02150119, -0.9262653, 4.392769
1417308647981, -0.0232515, -0.9259209, 4.391249
1417308648013, -0.02643063, -0.9245382, 4.38914
1417308648047, -0.02734053, -0.9243022, 4.388472
1417308648081, -0.0301681, -0.9245115, 4.387914
1417308648111, -0.03071793, -0.9247363, 4.387389
1417308648147, -0.03104666, -0.9271781, 4.386649
1417308648180, -0.03106372, -0.9281864, 4.386215
1417308648212, -0.0321563, -0.9282262, 4.385372
1417308648247, -0.03237876, -0.9280577, 4.383963
1417308648279, -0.03127573, -0.9289834, 4.383301
1417308648313, -0.03149573, -0.9293643, 4.38286
1417308648348, -0.03156047, -0.9296271, 4.382926
1417308648381, -0.03177885, -0.9297795, 4.382653
1417308648412, -0.03177704, -0.9304829, 4.382205
1417308648448, -0.03005726, -0.9308025, 4.381661
1417308648481, -0.0302784, -0.9306728, 4.381711
1417308648512, -0.03030454, -0.9306251, 4.381881
1417308648548, -0.0306059, -0.9310333, 4.382434
1417308648579, -0.03152362, -0.9315712, 4.384612
1417308648612, -0.03185854, -0.9318562, 4.38496
1417308648649, -0.03249197, -0.9326609, 4.385856
1417308648680, -0.03310228, -0.9334299, 4.387405
1417308648712, -0.03434308, -0.9334924, 4.386905
1417308648748, -0.03499254, -0.9336948, 4.386735
1417308648781, -0.03526095, -0.9338672, 4.386848
1417308648812, -0.03553366, -0.9340031, 4.387349
1417308648848, -0.03626057, -0.9340582, 4.388127
1417308648880, -0.03660965, -0.934359, 4.38887
1417308648913, -0.03676485, -0.9346285, 4.389091
1417308648948, -0.03702776, -0.9349234, 4.389306
1417308648980, -0.03777212, -0.9356745, 4.389946
1417308649013, -0.0382348, -0.9361168, 4.390057
1417308649046, -0.03847879, -0.9360648, 4.390309
1417308649078, -0.03932469, -0.936337, 4.391385
1417308649112, -0.03953128, -0.9362451, 4.391412
1417308649146, -0.03960486, -0.936289, 4.391457
1417308649181, -0.04027262, -0.9365402, 4.39174
1417308649214, -0.04057113, -0.9368547, 4.392379
1417308649246, -0.04057988, -0.9366214, 4.392475
1417308649281, -0.04098726, -0.9365394, 4.392529
1417308649312, -0.0409672, -0.936548, 4.392516
1417308649347, -0.04092479, -0.9364778, 4.392575
1417308649381, -0.04118815, -0.9364759, 4.392466
1417308649412, -0.04161553, -0.936463, 4.39216
1417308649446, -0.04165654, -0.9363733, 4.392128
1417308649481, -0.04381212, -0.9358866, 4.392383
1417308649512, -0.04375203, -0.935846, 4.392372
1417308649548, -0.04348996, -0.9359961, 4.392311
1417308649580, -0.04346826, -0.9359848, 4.392207
1417308649613, -0.04469804, -0.9361534, 4.391912
1417308649649, -0.0448563, -0.9359411, 4.391701
1417308649681, -0.04499531, -0.9355507, 4.39146
1417308649712, -0.04453829, -0.9357206, 4.391524
1417308649748, -0.04405996, -0.9356306, 4.39132
1417308649780, -0.0437872, -0.9356871, 4.390745
1417308649812, -0.04354279, -0.935779, 4.390415
1417308649846, -0.04402862, -0.9353007, 4.38933
1417308649880, -0.04447029, -0.9351645, 4.389015
1417308649912, -0.04425728, -0.9353194, 4.388572
1417308649948, -0.04436338, -0.9353287, 4.388291
1417308649981, -0.04453171, -0.9352674, 4.387875
1417308650012, -0.04354784, -0.9352651, 4.387299
1417308650047, -0.04416145, -0.9352962, 4.386698
1417308650080, -0.04359055, -0.9362235, 4.385622
1417308650112, -0.04467716, -0.9364967, 4.385534
1417308650147, -0.04466182, -0.9365274, 4.385543
1417308650181, -0.04367142, -0.9354998, 4.384632
1417308650213, -0.04373214, -0.9354783, 4.38459
1417308650246, -0.04350311, -0.9355388, 4.384414
1417308650279, -0.04368389, -0.9361416, 4.384222
1417308650312, -0.04378878, -0.9362495, 4.384227
1417308650346, -0.04386758, -0.9365395, 4.384408
1417308650381, -0.04359598, -0.9363255, 4.384181
1417308650415, -0.04329737, -0.9358517, 4.383093
1417308650446, -0.04327757, -0.9358387, 4.383095
1417308650481, -0.04286285, -0.9354099, 4.382659
1417308650513, -0.04223602, -0.9349653, 4.382332
1417308650548, -0.04154497, -0.9350022, 4.382448
1417308650581, -0.03748938, -0.9344483, 4.382093
1417308650613, -0.03753186, -0.9342272, 4.382267
1417308650647, -0.0374861, -0.9342381, 4.38242
1417308650681, -0.0369178, -0.9342765, 4.382227
1417308650712, -0.03691658, -0.9341706, 4.382252
1417308650748, -0.03702661, -0.9342542, 4.382194
1417308650779, -0.03678804, -0.9342474, 4.382018
1417308650812, -0.03667149, -0.9339266, 4.381961
1417308650847, -0.0365989, -0.9336582, 4.382043
1417308650880, -0.0363976, -0.9324818, 4.381247
1417308650913, -0.036291, -0.9322244, 4.38104
1417308650948, -0.03600449, -0.9320372, 4.380085
1417308650981, -0.03595577, -0.9313459, 4.379798
1417308651013, -0.0357487, -0.9307099, 4.379553
1417308651049, -0.03556934, -0.930636, 4.379112
1417308651080, -0.0356206, -0.9307293, 4.378959
1417308651112, -0.03568801, -0.9305606, 4.37886
1417308651148, -0.03555026, -0.9303486, 4.378722
1417308651180, -0.03578745, -0.9304146, 4.379054
1417308651212, -0.0356233, -0.9301271, 4.37869
1417308651247, -0.03535655, -0.9297746, 4.378376
1417308651281, -0.03513882, -0.9299293, 4.37788
1417308651312, -0.0351612, -0.930176, 4.3778
1417308651348, -0.03495128, -0.9304723, 4.377495
1417308651381, -0.03469718, -0.9308903, 4.377468
1417308651412, -0.03430369, -0.9306637, 4.377247
1417308651448, -0.03426238, -0.9306605, 4.376991
1417308651480, -0.03427522, -0.9282354, 4.377462
1417308651512, -0.03414021, -0.9279221, 4.376989
1417308651549, -0.03384178, -0.92854, 4.376475
1417308651579, -0.03405879, -0.928504, 4.375881
1417308651612, -0.03401351, -0.9285198, 4.375873
1417308651648, -0.03401338, -0.9285248, 4.375866
1417308651681, -0.03374905, -0.9282697, 4.375589
1417308651712, -0.03398702, -0.9287108, 4.375484
1417308651746, -0.03364222, -0.9291347, 4.375168
1417308651780, -0.03210413, -0.9299795, 4.374882
1417308651812, -0.03066232, -0.9297131, 4.373159
1417308651848, -0.03064764, -0.9297463, 4.373153
1417308651880, -0.03078221, -0.9301004, 4.373085
1417308651913, -0.0308973, -0.9301324, 4.373091
1417308651948, -0.03106516, -0.9303632, 4.372868
1417308651980, -0.03115369, -0.9303001, 4.372784
1417308652013, -0.03117297, -0.9303142, 4.372808
1417308652048, -0.03118772, -0.9309515, 4.372692
1417308652080, -0.03124471, -0.9307273, 4.37278
1417308652112, -0.0315173, -0.9303216, 4.372705
1417308652146, -0.03169305, -0.9301592, 4.372766
1417308652181, -0.03198785, -0.9305792, 4.37294
1417308652213, -0.03192971, -0.9305496, 4.372952
1417308652247, -0.03190575, -0.9305145, 4.372881
1417308652280, -0.0319263, -0.9305853, 4.372903
1417308652312, -0.03200005, -0.9308043, 4.372922
1417308652348, -0.03220511, -0.9305337, 4.372975
1417308652380, -0.0323539, -0.9306284, 4.372946
1417308652413, -0.03233421, -0.9306622, 4.37296
1417308652446, -0.03272336, -0.930631, 4.372813
1417308652480, -0.03284185, -0.9305887, 4.372772
1417308652512, -0.03288396, -0.9305207, 4.372779
1417308652547, -0.03303668, -0.9301149, 4.372834
1417308652581, -0.03304406, -0.9300255, 4.373061
1417308652613, -0.03308473, -0.9299831, 4.3731
1417308652646, -0.03310876, -0.9299949, 4.373007
1417308652681, -0.03314636, -0.9298554, 4.373174
1417308652712, -0.03330952, -0.9296885, 4.373314
1417308652748, -0.03343546, -0.9295017, 4.37344
1417308652781, -0.03420305, -0.9296373, 4.373953
1417308652813, -0.03425194, -0.92954, 4.373965
1417308652847, -0.03428195, -0.9296412, 4.374021
1417308652881, -0.03428567, -0.9296335, 4.374022
1417308652912, -0.03447631, -0.9297593, 4.374155
1417308652947, -0.03464042, -0.9296309, 4.374218
1417308652981, -0.03495765, -0.9297147, 4.374815
1417308653012, -0.03499107, -0.9297274, 4.374773
1417308653048, -0.03495479, -0.9302478, 4.374982
1417308653080, -0.03526054, -0.9300507, 4.374994
1417308653112, -0.03522837, -0.9302444, 4.375046
1417308653146, -0.03525373, -0.9302608, 4.374965
1417308653179, -0.03532161, -0.9301151, 4.374997
1417308653212, -0.03531833, -0.9302273, 4.374957
1417308653248, -0.03535944, -0.9302706, 4.374872
1417308653281, -0.0354035, -0.9303275, 4.374864
1417308653313, -0.03518487, -0.9309465, 4.374264
1417308653348, -0.03508769, -0.9308866, 4.374316
1417308653381, -0.0352001, -0.9307839, 4.374236
1417308653412, -0.03527453, -0.930738, 4.374257
1417308653447, -0.03535635, -0.9307258, 4.37379
1417308653480, -0.0352557, -0.9311041, 4.373625
1417308653513, -0.03533668, -0.9310095, 4.373451
1417308653548, -0.03506093, -0.9308988, 4.372986
1417308653579, -0.03512448, -0.9307315, 4.372375
1417308653612, -0.03517349, -0.9307662, 4.372174
1417308653647, -0.03507863, -0.9306652, 4.371945
1417308653681, -0.03508686, -0.930669, 4.371941
1417308653712, -0.03506293, -0.9305821, 4.371806
1417308653748, -0.03498325, -0.9308455, 4.371937
1417308653781, -0.03481456, -0.9312065, 4.371576
1417308653812, -0.03112785, -0.9299644, 4.369201
1417308653848, -0.03153597, -0.9306024, 4.369607
1417308653878, -0.03174385, -0.9305891, 4.369944
1417308653913, -0.03240364, -0.9303789, 4.370163
1417308653948, -0.03272408, -0.9305788, 4.370212
1417308653981, -0.03318422, -0.9307295, 4.370361
1417308654013, -0.03354431, -0.930938, 4.370517
1417308654048, -0.0336912, -0.9309964, 4.370453
1417308654081, -0.03369575, -0.930972, 4.370467
1417308654113, -0.03382198, -0.9308655, 4.370373
1417308654148, -0.03382539, -0.9310789, 4.370035
1417308654179, -0.03436783, -0.9311572, 4.370066
1417308654212, -0.03455534, -0.931331, 4.37007
1417308654246, -0.03501568, -0.9317906, 4.369957
1417308654279, -0.03508952, -0.9317414, 4.369694
1417308654312, -0.03497341, -0.9318151, 4.369455
1417308654347, -0.03496023, -0.9318956, 4.369501
1417308654380, -0.03510697, -0.9320151, 4.369516
1417308654412, -0.03592166, -0.9316761, 4.369402
1417308654448, -0.03588406, -0.9317306, 4.3689
1417308654481, -0.03603875, -0.9322653, 4.368319
1417308654513, -0.03592519, -0.9317245, 4.367166
1417308654548, -0.03635761, -0.9318158, 4.366809
1417308654580, -0.03653423, -0.931587, 4.36688
1417308654612, -0.03648186, -0.9310977, 4.366541
1417308654648, -0.03658108, -0.9307401, 4.366324
1417308654679, -0.03649064, -0.9307609, 4.366305
1417308654712, -0.0364659, -0.9306961, 4.366075
1417308654748, -0.03628853, -0.9304735, 4.365985
1417308654779, -0.03599309, -0.9305078, 4.365426
1417308654812, -0.03548799, -0.9304422, 4.365275
1417308654846, -0.03543791, -0.9303873, 4.365284
1417308654891, -0.03529139, -0.9302399, 4.364878
1417308654912, -0.03435229, -0.9301502, 4.364078
1417308654945, -0.03342429, -0.9299746, 4.363008
1417308654982, -0.03202067, -0.9303031, 4.363208
1417308655012, -0.02651476, -0.9296894, 4.359837
1417308655050, -0.02484373, -0.9302686, 4.358636
1417308655082, -0.02211814, -0.9306179, 4.355144
1417308655116, -0.02080286, -0.9301459, 4.351709
1417308655149, -0.0166334, -0.9298201, 4.34873
1417308655179, -0.01576944, -0.9298427, 4.34634
1417308655216, -0.01471635, -0.9304667, 4.344108
1417308655250, -0.01189189, -0.9315161, 4.338377
1417308655283, -0.008176818, -0.9330509, 4.333136
1417308655316, -0.004924209, -0.9317901, 4.325706
1417308655349, -0.003939424, -0.9313815, 4.320787
1417308655382, -0.003366073, -0.9314895, 4.313231
1417308655412, -0.004979909, -0.9319364, 4.305928
1417308655449, -0.006012015, -0.9294387, 4.291202
1417308655481, -0.008917429, -0.9314901, 4.275927
1417308655516, -0.01064555, -0.9331751, 4.26338
1417308655549, -0.01283166, -0.9336082, 4.247536
1417308655582, -0.01432038, -0.9322735, 4.228902
1417308655616, -0.01864041, -0.9317744, 4.209391
1417308655649, -0.02074378, -0.9300658, 4.191806
1417308655682, -0.02886981, -0.9270215, 4.162054
1417308655716, -0.03118156, -0.9214819, 4.142335
1417308655748, -0.03801241, -0.9092178, 4.106368
1417308655782, -0.04285868, -0.9057495, 4.088581
1417308655816, -0.04624406, -0.8983315, 4.064346
1417308655849, -0.05380553, -0.8871908, 4.041416
1417308655882, -0.06066515, -0.8807453, 4.020948
1417308655915, -0.06425031, -0.8762119, 4.006338
1417308655950, -0.06904499, -0.8740386, 3.992652
1417308655981, -0.07362135, -0.8680469, 3.979392
1417308656012, -0.07676969, -0.8663232, 3.97038
1417308656046, -0.07906741, -0.86183, 3.957047
1417308656080, -0.07991901, -0.8595113, 3.949614
1417308656112, -0.08234027, -0.8611124, 3.939311
1417308656147, -0.08347587, -0.8601242, 3.931345
1417308656180, -0.08475256, -0.8579488, 3.924245
1417308656212, -0.08604313, -0.859686, 3.911832
1417308656246, -0.08654568, -0.8548877, 3.903516
1417308656279, -0.08733866, -0.8555161, 3.893519
1417308656312, -0.08715833, -0.8537926, 3.883416
1417308656346, -0.08664142, -0.8528774, 3.874639
1417308656379, -0.08611066, -0.8521128, 3.868012
1417308656412, -0.08578623, -0.8520449, 3.859943
1417308656445, -0.08537261, -0.8513596, 3.853482
1417308656479, -0.08558992, -0.8479706, 3.847461
1417308656511, -0.08526507, -0.8480497, 3.843403
1417308656547, -0.08470713, -0.8475811, 3.839655
1417308656580, -0.08461916, -0.8475255, 3.836122
1417308656612, -0.08453189, -0.8472784, 3.83225
1417308656646, -0.08437259, -0.8468354, 3.828671
1417308656679, -0.08456624, -0.8453121, 3.826843
1417308656712, -0.08420917, -0.8437874, 3.824548
1417308656748, -0.08468258, -0.8433079, 3.82257
1417308656779, -0.08454053, -0.8428016, 3.821314
1417308656812, -0.0843009, -0.8431976, 3.820603
1417308656847, -0.08432887, -0.843276, 3.819863
1417308656879, -0.08408298, -0.8432998, 3.819469
1417308656911, -0.08416386, -0.8435966, 3.818933
1417308656947, -0.08417106, -0.8435043, 3.818792
1417308656981, -0.08407681, -0.8435678, 3.818745
1417308657013, -0.08401369, -0.8434986, 3.818718
1417308657046, -0.08389013, -0.8435499, 3.818516
1417308657079, -0.0838868, -0.8435913, 3.818483
1417308657112, -0.08394106, -0.8437225, 3.818477
1417308657145, -0.08379234, -0.8435149, 3.818654
1417308657181, -0.08380947, -0.8434227, 3.818617
1417308657213, -0.08372252, -0.843135, 3.818772
1417308657245, -0.08362821, -0.8429665, 3.818897
1417308657279, -0.08352869, -0.8431343, 3.818807
1417308657312, -0.08287522, -0.843574, 3.819233
1417308657346, -0.0825481, -0.8441395, 3.819291
1417308657381, -0.08255795, -0.8442131, 3.819372
1417308657413, -0.08239172, -0.8439261, 3.819668
1417308657448, -0.08250254, -0.8441363, 3.820255
1417308657478, -0.08247737, -0.8439136, 3.820744
1417308657512, -0.08242639, -0.8439947, 3.821083
1417308657546, -0.0821294, -0.843131, 3.821913
1417308657579, -0.08039249, -0.841705, 3.823758
1417308657612, -0.0771115, -0.8393316, 3.826249
1417308657646, -0.07372206, -0.8372727, 3.827721
1417308657681, -0.06993204, -0.835225, 3.828515
1417308657712, -0.06590745, -0.8335449, 3.828408
1417308657747, -0.0606948, -0.83211, 3.829315
1417308657780, -0.05523229, -0.8301877, 3.828228
1417308657812, -0.04968129, -0.8292901, 3.826952
1417308657848, -0.04273754, -0.8291284, 3.826166
1417308657879, -0.03392903, -0.8293432, 3.822356
1417308657912, -0.02964475, -0.8294905, 3.821551
1417308657946, -0.02488068, -0.8301435, 3.819391
1417308657979, -0.01819555, -0.8312703, 3.817763
1417308658012, -0.01129683, -0.8329554, 3.817592
1417308658046, -0.00731041, -0.832967, 3.816883
1417308658078, -0.002644883, -0.8330304, 3.817178
1417308658112, 0.001837636, -0.8316998, 3.8164
1417308658145, 0.0064194, -0.8318145, 3.816491
1417308658178, 0.009521057, -0.8327643, 3.816284
1417308658212, 0.01188323, -0.833262, 3.81627
1417308658246, 0.0132027, -0.8331602, 3.815975
1417308658278, 0.01487201, -0.8327838, 3.815486
1417308658312, 0.01584396, -0.8322658, 3.814654
1417308658346, 0.01677593, -0.8322205, 3.81377
1417308658379, 0.01753892, -0.8321379, 3.813368
1417308658411, 0.01788717, -0.832174, 3.812926
1417308658445, 0.01842896, -0.8323761, 3.811794
1417308658478, 0.01879434, -0.8326884, 3.811291
1417308658511, 0.01892781, -0.8323061, 3.810288
1417308658545, 0.01863638, -0.8328993, 3.808834
1417308658578, 0.01816958, -0.832825, 3.808468
1417308658611, 0.01764109, -0.832683, 3.80813
1417308658645, 0.01586754, -0.8327841, 3.807336
1417308658679, 0.01349112, -0.8321859, 3.806975
1417308658713, 0.01044828, -0.8317675, 3.806504
1417308658746, 0.007859304, -0.8319445, 3.807061
1417308658779, 0.004523512, -0.8310139, 3.808554
1417308658812, -0.0003118147, -0.8301728, 3.811163
1417308658847, -0.007325666, -0.8297467, 3.814493
1417308658880, -0.01225453, -0.8297617, 3.820222
1417308658912, -0.01951143, -0.8289644, 3.831938
1417308658945, -0.0230475, -0.8282043, 3.840869
1417308658980, -0.02634273, -0.830103, 3.853101
1417308659012, -0.02960184, -0.8322307, 3.864568
1417308659047, -0.03328731, -0.8333914, 3.874892
1417308659078, -0.03733047, -0.8360916, 3.883281
1417308659112, -0.04026519, -0.8372942, 3.890032
1417308659147, -0.04181826, -0.8388218, 3.894908
1417308659179, -0.044498, -0.8401904, 3.900131
1417308659212, -0.04646363, -0.8417611, 3.908067
1417308659246, -0.04798102, -0.8444179, 3.913528
1417308659281, -0.04778906, -0.8437922, 3.917665
1417308659312, -0.04750437, -0.8464544, 3.925789
1417308659346, -0.04617246, -0.8497661, 3.937169
1417308659379, -0.04448348, -0.8538547, 3.945877
1417308659413, -0.04308571, -0.8594261, 3.959276
1417308659446, -0.04290755, -0.8613868, 3.972059
1417308659480, -0.03976332, -0.8677478, 3.98523
1417308659565, -0.0299644, -0.8807435, 4.017537
1417308659580, -0.02571554, -0.8868394, 4.035396
1417308659612, -0.01972446, -0.8956959, 4.055416
1417308659646, -0.0132766, -0.9018773, 4.073444
1417308659679, -0.007363455, -0.9051164, 4.086078
1417308659713, -0.003992236, -0.907135, 4.101264
1417308659747, -0.002213301, -0.9078438, 4.111555
1417308659781, -0.004389965, -0.9055459, 4.128403
1417308659812, -0.003615524, -0.9042322, 4.137491
1417308659851, -0.003422879, -0.9008231, 4.145753
1417308659893, -0.004113048, -0.8977675, 4.158149
1417308659931, -0.005122211, -0.8974254, 4.162476
1417308659969, -0.006078881, -0.8966478, 4.169165
1417308659980, -0.008932927, -0.8971819, 4.177948
1417308660012, -0.009760597, -0.8972113, 4.183482
1417308660046, -0.01384876, -0.8960567, 4.194252
1417308660080, -0.01375455, -0.8955689, 4.197244
1417308660112, -0.01630475, -0.8954069, 4.202266
1417308660147, -0.02002539, -0.8958708, 4.210219
1417308660181, -0.02223307, -0.8961074, 4.213403
1417308660213, -0.02469832, -0.8967288, 4.216686
1417308660246, -0.02949834, -0.8976973, 4.220122
1417308660279, -0.03406806, -0.8981636, 4.221691
1417308660312, -0.03647612, -0.897925, 4.222559
1417308660347, -0.04344941, -0.8966193, 4.2236
1417308660379, -0.05123488, -0.8967676, 4.22284
1417308660412, -0.05807238, -0.8964117, 4.223477
1417308660448, -0.06904313, -0.8956218, 4.22436
1417308660480, -0.07508202, -0.8938325, 4.222509
1417308660513, -0.08001352, -0.8929222, 4.221366
1417308660546, -0.08265849, -0.8917487, 4.220164
1417308660579, -0.08626212, -0.8915784, 4.21952
1417308660612, -0.09085997, -0.8915847, 4.21869
1417308660647, -0.0944471, -0.8915743, 4.217556
1417308660680, -0.0991828, -0.8922318, 4.216976
1417308660712, -0.1014095, -0.891717, 4.216699
1417308660746, -0.1022764, -0.8918131, 4.216319
1417308660779, -0.1032116, -0.891883, 4.215413
1417308660812, -0.1042919, -0.8919526, 4.214508
1417308660846, -0.1055073, -0.8927047, 4.212143
1417308660878, -0.1068802, -0.8932515, 4.20822
1417308660914, -0.1085427, -0.8955616, 4.206934
1417308660945, -0.1115963, -0.9043778, 4.203408
1417308660978, -0.1117248, -0.9095828, 4.201185
1417308661012, -0.1113862, -0.9123573, 4.199424
1417308661046, -0.1108194, -0.9136038, 4.19787
1417308661079, -0.1104446, -0.9146781, 4.198118
1417308661111, -0.1104629, -0.9168521, 4.198717
1417308661146, -0.1099815, -0.9174563, 4.199809
1417308661178, -0.112223, -0.9198741, 4.203636
1417308661212, -0.110508, -0.921749, 4.206258
1417308661244, -0.1103758, -0.9218596, 4.206501
1417308661278, -0.1095937, -0.9231713, 4.207635
1417308661311, -0.1085084, -0.9241135, 4.208615
1417308661345, -0.1082022, -0.9245952, 4.210053
1417308661378, -0.1080497, -0.9247457, 4.210617
1417308661412, -0.1083694, -0.9256814, 4.21189
1417308661446, -0.1083987, -0.9257717, 4.212522
1417308661480, -0.1089285, -0.9252549, 4.213876
1417308661513, -0.1102718, -0.9218239, 4.217075
1417308661545, -0.1112961, -0.9174944, 4.219813
1417308661579, -0.1116833, -0.9145771, 4.22145
1417308661623, -0.1128526, -0.9132025, 4.223503
1417308661646, -0.1129444, -0.9104753, 4.225213
1417308661681, -0.1125663, -0.9080534, 4.226433
1417308661715, -0.1111506, -0.9042851, 4.229014
1417308661745, -0.1097407, -0.9020725, 4.230732
1417308661778, -0.1093113, -0.900867, 4.232223
1417308661812, -0.1077881, -0.8997741, 4.233906
1417308661846, -0.1065869, -0.9001824, 4.238266
1417308661881, -0.1039115, -0.9007255, 4.241761
1417308661912, -0.09987342, -0.9012097, 4.247051
1417308661946, -0.0970757, -0.900292, 4.251339
1417308661979, -0.0926249, -0.9025078, 4.260309
1417308662012, -0.09027077, -0.9050267, 4.268861
1417308662048, -0.08081134, -0.9112525, 4.286818
1417308662081, -0.07637251, -0.9122736, 4.292473
1417308662112, -0.07356611, -0.9126007, 4.300425
1417308662145, -0.06903537, -0.9128134, 4.309604
1417308662181, -0.06692064, -0.9144858, 4.315412
1417308662212, -0.0631519, -0.9147643, 4.321697
1417308662244, -0.06134806, -0.9155595, 4.325048
1417308662277, -0.05959781, -0.9136564, 4.328132
1417308662311, -0.0577339, -0.9130919, 4.33177
1417308662345, -0.05616694, -0.9122285, 4.333959
1417308662378, -0.05548885, -0.9116061, 4.334735
1417308662411, -0.05504231, -0.9114122, 4.336124
1417308662445, -0.05513143, -0.9111004, 4.336258
1417308662478, -0.05492073, -0.9109704, 4.336763
1417308662512, -0.05486294, -0.9102282, 4.337249
1417308662545, -0.05503205, -0.9111908, 4.337876
1417308662578, -0.05600661, -0.9108051, 4.337674
1417308662612, -0.05724942, -0.9100566, 4.33638
1417308662645, -0.05989261, -0.9096544, 4.335458
1417308662678, -0.06242371, -0.9085681, 4.335285
1417308662711, -0.06834599, -0.906332, 4.335025
1417308662756, -0.07267266, -0.9050587, 4.333194
1417308662782, -0.07481049, -0.9045497, 4.331909
1417308662812, -0.07855248, -0.9038157, 4.332515
1417308662845, -0.08168965, -0.9028256, 4.333217
1417308662879, -0.08466051, -0.9031681, 4.334043
1417308662913, -0.08915032, -0.9044393, 4.334778
1417308662949, -0.09897303, -0.9065838, 4.336183
1417308662979, -0.1067526, -0.9090557, 4.339851
1417308663012, -0.115174, -0.9101861, 4.342144
1417308663045, -0.12364, -0.9120024, 4.345224
1417308663079, -0.1283732, -0.912877, 4.345101
1417308663113, -0.1379367, -0.9143517, 4.346384
1417308663149, -0.1374242, -0.9144357, 4.346593
1417308663179, -0.1389941, -0.9140484, 4.344907
1417308663213, -0.1393606, -0.91475, 4.343709
1417308663278, -0.1393042, -0.9141375, 4.342243
1417308663294, -0.1390022, -0.9141418, 4.341195
1417308663339, -0.1376758, -0.9134381, 4.339468
1417308663358, -0.1356257, -0.9111502, 4.338069
1417308663399, -0.132864, -0.9095808, 4.337802
1417308663452, -0.1311134, -0.910067, 4.33742
1417308663492, -0.1237046, -0.9053098, 4.335495
1417308663541, -0.1231152, -0.9055051, 4.335434
1417308663596, -0.1224855, -0.9065292, 4.334979
1417308663647, -0.1224249, -0.9065056, 4.334903
1417308663671, -0.1226026, -0.9062351, 4.334899
1417308663718, -0.1225822, -0.9060926, 4.334918
1417308663731, -0.1228713, -0.9061347, 4.334167
1417308663757, -0.1223192, -0.9064959, 4.33399
1417308663782, -0.1221116, -0.9067072, 4.33386
1417308663812, -0.1215035, -0.9070714, 4.333704
1417308663848, -0.1208401, -0.9068121, 4.33296
1417308663881, -0.1185219, -0.9080579, 4.332102
1417308663911, -0.1178508, -0.9081237, 4.332034
1417308663944, -0.1163639, -0.9084561, 4.331863
1417308663978, -0.1148926, -0.9088794, 4.331868
1417308664019, -0.1129415, -0.9091886, 4.331748
1417308664045, -0.1100746, -0.909044, 4.331521
1417308664078, -0.108227, -0.9095814, 4.331113
1417308664111, -0.1057865, -0.9102325, 4.331951
1417308664147, -0.1044346, -0.9103059, 4.332477
1417308664179, -0.103591, -0.9099974, 4.332585
1417308664211, -0.1026989, -0.9099494, 4.332984
1417308664245, -0.1010044, -0.9101543, 4.333514
1417308664278, -0.1002022, -0.9092013, 4.333372
1417308664311, -0.09960547, -0.9088448, 4.332612
1417308664346, -0.09919291, -0.9083584, 4.332046
1417308664380, -0.09868377, -0.9086631, 4.330895
1417308664412, -0.09792122, -0.9072341, 4.328294
1417308664445, -0.0971875, -0.905465, 4.327083
1417308664478, -0.09724025, -0.9009915, 4.32644
1417308664511, -0.09732362, -0.8958338, 4.32591
1417308664545, -0.09742154, -0.889935, 4.32526
1417308664580, -0.0981888, -0.8883867, 4.325361
1417308664612, -0.09806401, -0.8884216, 4.325494
1417308664645, -0.09819784, -0.8902408, 4.325704
1417308664679, -0.1005652, -0.8976277, 4.327425
1417308664711, -0.09965833, -0.9025841, 4.329179
1417308664745, -0.0996554, -0.9034198, 4.329195
1417308664779, -0.09963615, -0.903399, 4.329368
1417308664811, -0.100111, -0.9036086, 4.329972
1417308664845, -0.1001006, -0.903708, 4.329981
1417308664878, -0.1000619, -0.9038607, 4.329923
1417308664911, -0.1003549, -0.9074668, 4.330245
1417308664945, -0.1003089, -0.9075618, 4.330245
1417308664978, -0.1005181, -0.9080225, 4.330016
1417308665012, -0.1003502, -0.9077317, 4.329119
1417308665045, -0.1006982, -0.9067076, 4.329178
1417308665079, -0.1006912, -0.9064193, 4.328531
1417308665113, -0.1001623, -0.9021967, 4.328945
1417308665147, -0.09991253, -0.8996376, 4.330015
1417308665179, -0.09953417, -0.8987148, 4.33134
1417308665212, -0.09881272, -0.8982458, 4.333721
1417308665245, -0.09828673, -0.8999089, 4.335996
1417308665279, -0.09767164, -0.9064921, 4.341025
1417308665311, -0.09665108, -0.9090288, 4.343462
1417308665345, -0.09678464, -0.9090419, 4.344009
1417308665381, -0.09717903, -0.9088784, 4.344423
1417308665412, -0.09706735, -0.9089193, 4.344989
1417308665445, -0.09681538, -0.9094244, 4.34531
1417308665478, -0.09699378, -0.909554, 4.34549
1417308665512, -0.09726431, -0.9096466, 4.345447
1417308665546, -0.09776924, -0.9091085, 4.344036
1417308665579, -0.0983428, -0.9086178, 4.343554
1417308665613, -0.09855116, -0.9065717, 4.343384
1417308665645, -0.09870835, -0.9039035, 4.344072
1417308665679, -0.0990564, -0.9000068, 4.344338
1417308665712, -0.099275, -0.8984587, 4.344801
1417308665746, -0.09950645, -0.8983691, 4.344951
1417308665779, -0.1003132, -0.9001152, 4.345124
1417308665813, -0.1023054, -0.9032531, 4.346319
1417308665846, -0.1027112, -0.9050788, 4.346475
1417308665879, -0.1031766, -0.9053605, 4.34709
1417308665912, -0.1031933, -0.9053741, 4.347228
1417308665945, -0.103232, -0.9053437, 4.347758
1417308665978, -0.1035786, -0.9065107, 4.349309
1417308666011, -0.1035036, -0.9071501, 4.349546
1417308666045, -0.1036474, -0.9077631, 4.349895
1417308666102, -0.1038968, -0.909004, 4.351052
1417308666114, -0.1039507, -0.909235, 4.352807
1417308666146, -0.103834, -0.9100837, 4.35411
1417308666181, -0.1034786, -0.910175, 4.354427
1417308666211, -0.1027051, -0.9100667, 4.355177
1417308666245, -0.1016027, -0.9115312, 4.357103
1417308666279, -0.100972, -0.9121477, 4.359122
1417308666312, -0.1005957, -0.9124606, 4.359331
1417308666346, -0.1003626, -0.9131801, 4.359751
1417308666379, -0.1004055, -0.9132547, 4.360223
1417308666412, -0.09987463, -0.9135554, 4.360756
1417308666447, -0.1000872, -0.915771, 4.362591
1417308666517, -0.09914842, -0.9144815, 4.36452
1417308666586, -0.09868021, -0.9146436, 4.364621
1417308666660, -0.09710659, -0.9151214, 4.365793
1417308666733, -0.09649325, -0.9149818, 4.365996
1417308666803, -0.09569388, -0.915351, 4.366786
1417308666876, -0.09548257, -0.9160458, 4.367492
1417308666950, -0.09542696, -0.9173275, 4.369524
1417308667019, -0.09549543, -0.9174964, 4.370024
1417308667046, -0.09553649, -0.917468, 4.370234
1417308667079, -0.09593322, -0.9180589, 4.370813
1417308667112, -0.09604451, -0.9189155, 4.371671
1417308667145, -0.09569481, -0.918977, 4.371766
1417308667179, -0.09575403, -0.9190875, 4.371916
1417308667212, -0.09564452, -0.9192747, 4.372284
1417308667246, -0.09560692, -0.9193296, 4.372355
1417308667279, -0.09561378, -0.9194927, 4.372714
1417308667311, -0.09573137, -0.9194995, 4.372787
1417308667345, -0.09590875, -0.9193814, 4.373195
1417308667379, -0.09611258, -0.9195, 4.373541
1417308667412, -0.09652283, -0.9192174, 4.373876
1417308667446, -0.09652991, -0.9192948, 4.373878
1417308667479, -0.09664024, -0.9192164, 4.374037
1417308667512, -0.09664602, -0.9190914, 4.374171
1417308667545, -0.09670579, -0.9193562, 4.374374
1417308667579, -0.0967728, -0.9194088, 4.374745
1417308667612, -0.09688012, -0.9194631, 4.37479
1417308667646, -0.09678389, -0.9193245, 4.374767
1417308667679, -0.09694248, -0.919862, 4.375777
1417308667712, -0.09688484, -0.9197479, 4.375945
1417308667746, -0.09672368, -0.9197069, 4.37597
1417308667778, -0.09622181, -0.9198982, 4.376319
1417308667812, -0.0963222, -0.9199648, 4.376301
1417308667846, -0.09605376, -0.9197868, 4.376425
1417308667879, -0.09579714, -0.9193674, 4.376208
1417308667912, -0.09636255, -0.9186718, 4.376897
1417308667946, -0.09632622, -0.9186276, 4.377074
1417308667979, -0.09632199, -0.9186022, 4.377101
1417308668012, -0.09606625, -0.9184067, 4.376888
1417308668046, -0.09591919, -0.9185981, 4.377201
1417308668079, -0.09589522, -0.9186318, 4.377316
1417308668112, -0.0959239, -0.9186254, 4.377329
1417308668146, -0.0958053, -0.9187328, 4.377328
1417308668180, -0.09575898, -0.9183629, 4.377484
1417308668212, -0.09584247, -0.9183909, 4.377542
1417308668245, -0.09592872, -0.9183884, 4.377557
1417308668279, -0.09622189, -0.918578, 4.37776
1417308668312, -0.09634744, -0.9193745, 4.377601
1417308668346, -0.09641294, -0.9193687, 4.377582
1417308668379, -0.09641754, -0.9193738, 4.377606
1417308668412, -0.09628989, -0.9196456, 4.377199
1417308668472, -0.09627937, -0.9197341, 4.377213
1417308668533, -0.09628136, -0.918844, 4.377356
1417308668545, -0.096329, -0.9188424, 4.377199
1417308668578, -0.09662148, -0.9188386, 4.377246
1417308668611, -0.09655135, -0.9190326, 4.377133
1417308668645, -0.09663372, -0.9188294, 4.376083
1417308668679, -0.09651597, -0.9190304, 4.375793
1417308668712, -0.0964702, -0.9191872, 4.375187
1417308668747, -0.09631239, -0.9191871, 4.374197
1417308668779, -0.09632307, -0.919214, 4.37414
1417308668812, -0.09615944, -0.9190691, 4.373641
1417308668845, -0.09602983, -0.9191459, 4.373257
1417308668880, -0.0962591, -0.9188083, 4.373081
1417308668911, -0.09623613, -0.9189064, 4.372602
1417308668945, -0.09553996, -0.9192846, 4.371917
1417308668979, -0.09541052, -0.9194133, 4.371787
1417308669012, -0.09465197, -0.9196898, 4.370706
1417308669045, -0.09436158, -0.9197963, 4.369442
1417308669078, -0.09373335, -0.9200234, 4.367777
1417308669111, -0.09278876, -0.9202445, 4.365773
1417308669148, -0.09299964, -0.9201, 4.363811
1417308669184, -0.09216321, -0.9194344, 4.360945
1417308669219, -0.09187824, -0.9195904, 4.358798
1417308669253, -0.0904515, -0.9195771, 4.356067
1417308669289, -0.08942199, -0.9192432, 4.354599
1417308669310, -0.08415779, -0.9187556, 4.349854
1417308669346, -0.08009288, -0.9184986, 4.346463
1417308669380, -0.07538515, -0.9181168, 4.341626
1417308669412, -0.06927869, -0.9187659, 4.334563
1417308669446, -0.06486972, -0.9196256, 4.330379
1417308669479, -0.0609088, -0.9205014, 4.324524
1417308669511, -0.05747768, -0.924044, 4.320185
1417308669546, -0.05443861, -0.9247002, 4.31493
1417308669579, -0.05203898, -0.9267856, 4.304681
1417308669612, -0.05197246, -0.9280425, 4.29694
1417308669647, -0.05408538, -0.9285815, 4.286341
1417308669678, -0.05460396, -0.9317482, 4.269073
1417308669711, -0.05476887, -0.9329786, 4.249392
1417308669746, -0.05639851, -0.932789, 4.230526
1417308669780, -0.06262296, -0.9337248, 4.211812
1417308669812, -0.06278063, -0.9351724, 4.178605
1417308669845, -0.064294, -0.9342629, 4.157195
1417308669878, -0.06451425, -0.9337203, 4.120268
1417308669912, -0.0761435, -0.9278216, 4.084985
1417308669946, -0.08301372, -0.9157548, 4.043344
1417308669979, -0.08591633, -0.9049723, 4.009072
1417308670013, -0.09212674, -0.8888956, 3.972297
1417308670046, -0.0957083, -0.8768045, 3.931288
1417308670079, -0.09508884, -0.8691576, 3.901325
1417308670112, -0.09689493, -0.858332, 3.87317
1417308670146, -0.09911658, -0.8502848, 3.849194
1417308670179, -0.1035287, -0.8447714, 3.813764
1417308670212, -0.1033334, -0.8403448, 3.791121
1417308670248, -0.1014534, -0.8386422, 3.757832
1417308670279, -0.1024174, -0.8361596, 3.736669
1417308670311, -0.102871, -0.8311232, 3.698237
1417308670346, -0.1036917, -0.8317224, 3.678075
1417308670389, -0.1038936, -0.8329809, 3.639734
1417308670413, -0.1034692, -0.8319929, 3.602303
1417308670448, -0.1037525, -0.8326909, 3.565414
1417308670479, -0.106084, -0.8286743, 3.519147
1417308670512, -0.1054685, -0.8218361, 3.474397
1417308670546, -0.09943666, -0.8104001, 3.423094
1417308670581, -0.09721024, -0.7973412, 3.384089
1417308670612, -0.09611942, -0.7881033, 3.340891
1417308670646, -0.08873018, -0.7797823, 3.306515
1417308670679, -0.08443306, -0.774255, 3.270146
1417308670712, -0.08266982, -0.7630104, 3.240346
1417308670747, -0.07859241, -0.7529698, 3.207652
1417308670779, -0.07745849, -0.7479017, 3.169152
1417308670813, -0.07608625, -0.7446591, 3.143705
1417308670846, -0.0793676, -0.7442776, 3.100598
1417308670881, -0.08153964, -0.7434056, 3.073418
1417308670913, -0.08818075, -0.7439916, 3.032869
1417308670946, -0.09206355, -0.7444558, 2.997381
1417308670981, -0.0949573, -0.7418403, 2.955885
1417308671013, -0.09857471, -0.7358877, 2.911042
1417308671047, -0.09472546, -0.7269198, 2.861012
1417308671081, -0.1029353, -0.7163596, 2.820788
1417308671111, -0.1098834, -0.7006626, 2.782208
1417308671148, -0.1121599, -0.6870646, 2.747211
1417308671179, -0.1233732, -0.6798676, 2.718704
1417308671213, -0.128147, -0.6681829, 2.676963
1417308671246, -0.1300575, -0.6608188, 2.651321
1417308671279, -0.1327966, -0.6507835, 2.619615
1417308671313, -0.137046, -0.6431674, 2.588958
1417308671346, -0.1353246, -0.637266, 2.558598
1417308671379, -0.1371278, -0.6332082, 2.531726
1417308671412, -0.1403402, -0.6312007, 2.499627
1417308671448, -0.1405393, -0.6294662, 2.460768
1417308671478, -0.1422294, -0.6300305, 2.433057
1417308671512, -0.1427024, -0.6291752, 2.390509
1417308671546, -0.1422473, -0.6256751, 2.346569
1417308671581, -0.1427856, -0.6216354, 2.298357
1417308671613, -0.1391416, -0.6154913, 2.254242
1417308671647, -0.1356141, -0.6067601, 2.217477
1417308671681, -0.1348027, -0.5963063, 2.17989
1417308671713, -0.1338659, -0.5894988, 2.153396
1417308671748, -0.1320766, -0.5785344, 2.120536
1417308671781, -0.1315258, -0.5716636, 2.094856
1417308671813, -0.1311235, -0.5610425, 2.06602
1417308671848, -0.1327592, -0.5559277, 2.042635
1417308671881, -0.1319981, -0.550319, 2.012809
1417308671912, -0.1359646, -0.5476061, 1.98432
1417308671948, -0.1399248, -0.5461233, 1.954685
1417308671979, -0.1428164, -0.5475681, 1.921308
1417308672012, -0.1457883, -0.5492268, 1.886324
1417308672047, -0.1471132, -0.5459549, 1.851909
1417308672081, -0.1497533, -0.545198, 1.820465
1417308672112, -0.157433, -0.5424029, 1.788652
1417308672148, -0.1628768, -0.5370073, 1.750584
1417308672181, -0.1688949, -0.5294293, 1.720003
1417308672213, -0.1754618, -0.5214776, 1.691455
1417308672248, -0.1853508, -0.5158926, 1.670619
1417308672281, -0.1940174, -0.5079156, 1.645255
1417308672312, -0.1990027, -0.5033265, 1.625703
1417308672348, -0.201415, -0.4973021, 1.606189
1417308672380, -0.2023011, -0.49332, 1.592943
1417308672412, -0.2025792, -0.4885165, 1.579275
1417308672448, -0.2031672, -0.4844167, 1.567282
1417308672480, -0.2050219, -0.4805865, 1.556908
1417308672513, -0.2048749, -0.4774759, 1.54758
1417308672548, -0.2045678, -0.4745641, 1.536288
1417308672581, -0.2038877, -0.4729422, 1.526825
1417308672613, -0.2028496, -0.4716266, 1.519376
1417308672649, -0.2030851, -0.4704269, 1.510786
1417308672681, -0.2024868, -0.4686248, 1.50229
1417308672713, -0.2015101, -0.4675678, 1.496682
1417308672748, -0.2005118, -0.466955, 1.491909
1417308672781, -0.2007889, -0.4663199, 1.486902
1417308672813, -0.2016567, -0.4662816, 1.482538
1417308672848, -0.2032893, -0.4662405, 1.478343
1417308672881, -0.2043041, -0.4661438, 1.47463
1417308672913, -0.205594, -0.4659136, 1.471185
1417308672948, -0.2076744, -0.4657795, 1.467138
1417308672981, -0.2091852, -0.4657906, 1.463636
1417308673014, -0.2111965, -0.4658924, 1.460228
1417308673048, -0.2127493, -0.4658231, 1.457715
1417308673081, -0.213255, -0.465645, 1.4562
1417308673112, -0.2135581, -0.4654098, 1.454808
1417308673148, -0.2140126, -0.4651813, 1.453832
1417308673180, -0.2140706, -0.4650145, 1.453159
1417308673213, -0.2138425, -0.464891, 1.452339
1417308673247, -0.2137328, -0.4646011, 1.451442
1417308673282, -0.2135172, -0.4643931, 1.450543
1417308673313, -0.2136752, -0.4642704, 1.449766
1417308673346, -0.2135749, -0.4641168, 1.448542
1417308673381, -0.2132092, -0.4640857, 1.446967
1417308673412, -0.2131321, -0.463942, 1.445894
1417308673449, -0.2126707, -0.4638371, 1.44501
1417308673481, -0.2122902, -0.4637296, 1.444406
1417308673512, -0.2120731, -0.4637567, 1.443957
1417308673547, -0.2118427, -0.4638742, 1.443537
1417308673580, -0.2116181, -0.463856, 1.443151
1417308673613, -0.2114592, -0.4639347, 1.442628
1417308673649, -0.2113826, -0.4638654, 1.442229
1417308673680, -0.2113443, -0.4638942, 1.441929
1417308673712, -0.2113628, -0.4638959, 1.441707
1417308673749, -0.2111901, -0.463843, 1.441339
1417308673781, -0.2111709, -0.46387, 1.440981
1417308673813, -0.2110449, -0.4639256, 1.440846
1417308673848, -0.2109114, -0.4640383, 1.440708
1417308673881, -0.2110028, -0.4640964, 1.44061
1417308673913, -0.2110387, -0.4642074, 1.44045
1417308673948, -0.2110152, -0.464318, 1.440305
1417308673981, -0.2109649, -0.4645691, 1.440106
1417308674013, -0.2108687, -0.4647406, 1.439975
1417308674048, -0.210778, -0.4648724, 1.43988
1417308674081, -0.2105263, -0.4650909, 1.439716
1417308674113, -0.2102977, -0.4652448, 1.439607
1417308674148, -0.2101892, -0.465321, 1.439571
1417308674181, -0.2101223, -0.4653703, 1.439527
1417308674212, -0.2100077, -0.4654185, 1.439529
1417308674248, -0.2100054, -0.4654785, 1.439523
1417308674282, -0.2100052, -0.4654925, 1.439516
1417308674313, -0.2099718, -0.4655194, 1.439507
1417308674347, -0.2099873, -0.4655289, 1.439495
1417308674381, -0.2099479, -0.4655614, 1.439492
1417308674412, -0.2102206, -0.465672, 1.439512
1417308674448, -0.2102087, -0.4656837, 1.439503
1417308674481, -0.2104842, -0.4657706, 1.439374
1417308674512, -0.2107856, -0.4658624, 1.439197
1417308674549, -0.2109543, -0.4658457, 1.439078
1417308674581, -0.2114623, -0.4659053, 1.438803
1417308674615, -0.2118732, -0.4659295, 1.438563
1417308674648, -0.2124445, -0.4659339, 1.438141
1417308674681, -0.2126636, -0.4659384, 1.438007
1417308674712, -0.2131618, -0.4659525, 1.437632
1417308674748, -0.2132834, -0.4658721, 1.437406
1417308674780, -0.2133201, -0.4658471, 1.437317
1417308674813, -0.2133689, -0.4658269, 1.43716
1417308674848, -0.2133516, -0.4658082, 1.437044
1417308674881, -0.2133107, -0.4657678, 1.436936
1417308674912, -0.2132705, -0.4657354, 1.436887
1417308674948, -0.2127156, -0.4657407, 1.436699
1417308674981, -0.2122613, -0.4656913, 1.436403
1417308675013, -0.2118186, -0.4657492, 1.436309
1417308675048, -0.211392, -0.4656754, 1.436193
1417308675081, -0.2111532, -0.4656967, 1.436105
1417308675112, -0.2107125, -0.4656991, 1.435999
1417308675148, -0.2103343, -0.4656776, 1.435961
1417308675180, -0.2100185, -0.4656826, 1.435964
1417308675213, -0.2097813, -0.465616, 1.435978
1417308675248, -0.2095722, -0.4656598, 1.435916
1417308675281, -0.2094936, -0.4656384, 1.435914
1417308675313, -0.2093356, -0.4655884, 1.435906
1417308675348, -0.2090821, -0.4655674, 1.43589
1417308675381, -0.2089756, -0.4655429, 1.43585
1417308675412, -0.208979, -0.4655598, 1.435808
1417308675448, -0.2089378, -0.4655733, 1.435789
1417308675481, -0.2088432, -0.4656, 1.435694
1417308675512, -0.2088409, -0.4656123, 1.435597
1417308675554, -0.2088034, -0.4656117, 1.43552
1417308675579, -0.2087363, -0.4656143, 1.435485
1417308675612, -0.208574, -0.4656037, 1.435349
1417308675648, -0.2085684, -0.4655896, 1.435272
1417308675681, -0.2085643, -0.4655684, 1.435211
1417308675713, -0.208559, -0.4655724, 1.4352
1417308675748, -0.2086233, -0.4655729, 1.435121
1417308675780, -0.2086634, -0.4655864, 1.435042
1417308675813, -0.2086994, -0.4655832, 1.43498
1417308675848, -0.2087286, -0.4655951, 1.434779
1417308675882, -0.2087245, -0.4656252, 1.434636
1417308675912, -0.2087658, -0.4656516, 1.434254
1417308675948, -0.2088769, -0.4657262, 1.433294
1417308675980, -0.209224, -0.4657333, 1.431919
1417308676015, -0.2094512, -0.4657483, 1.430152
1417308676048, -0.2093421, -0.4655688, 1.42769
1417308676081, -0.2093133, -0.4650843, 1.424643
1417308676112, -0.2091844, -0.4646754, 1.421976
1417308676149, -0.2088487, -0.4635983, 1.418917
1417308676181, -0.2080579, -0.462122, 1.416883
1417308676213, -0.2074911, -0.4597288, 1.415315
1417308676248, -0.2077761, -0.4566002, 1.413777
1417308676281, -0.2076588, -0.4542005, 1.413304
1417308676312, -0.2073676, -0.4527175, 1.413325
1417308676348, -0.2067581, -0.452052, 1.413594
1417308676380, -0.2066201, -0.4520879, 1.413833
1417308676413, -0.2065375, -0.4535741, 1.414502
1417308676448, -0.2071873, -0.4568186, 1.416178
1417308676482, -0.2071843, -0.4587997, 1.41764
1417308676512, -0.2073675, -0.4593517, 1.419146
1417308676548, -0.2073857, -0.4597473, 1.421977
1417308676581, -0.2070844, -0.4603382, 1.424531
1417308676612, -0.2071558, -0.4610683, 1.42609
1417308676649, -0.20711, -0.4616123, 1.426987
1417308676681, -0.2069365, -0.461835, 1.427756
1417308676712, -0.2065686, -0.4619623, 1.428399
1417308676748, -0.206584, -0.4620435, 1.428614
1417308676782, -0.2065963, -0.4620854, 1.428643
1417308676815, -0.2065137, -0.4621918, 1.428563
1417308676848, -0.2064349, -0.4622764, 1.428198
1417308676882, -0.2067889, -0.4621454, 1.427079
1417308676915, -0.2074611, -0.4617221, 1.425566
1417308676948, -0.2078152, -0.4607182, 1.424299
1417308676982, -0.2081792, -0.4587591, 1.423004
1417308677013, -0.2081896, -0.4560085, 1.422075
1417308677048, -0.2085467, -0.4536649, 1.421762
1417308677081, -0.208659, -0.4530212, 1.421872
1417308677113, -0.2086504, -0.4530674, 1.42197
1417308677148, -0.2086216, -0.4551722, 1.422615
1417308677182, -0.208643, -0.4574694, 1.422675
1417308677212, -0.2088797, -0.457896, 1.42287
1417308677248, -0.2090764, -0.458005, 1.423019
1417308677281, -0.2091673, -0.4580902, 1.423137
1417308677353, -0.2090515, -0.4588961, 1.423158
1417308677382, -0.2092348, -0.4592414, 1.422955
1417308677413, -0.2094586, -0.4595981, 1.422472
1417308677447, -0.2096996, -0.4597375, 1.421775
1417308677480, -0.2099829, -0.4600432, 1.42048
1417308677512, -0.2103123, -0.4600576, 1.418242
1417308677545, -0.2108946, -0.4595437, 1.415688
1417308677581, -0.2109306, -0.4585873, 1.413244
1417308677613, -0.2109106, -0.4569612, 1.41136
1417308677645, -0.210652, -0.4546728, 1.410049
1417308677681, -0.2105703, -0.4519275, 1.408653
1417308677713, -0.2107213, -0.4497933, 1.408204
1417308677748, -0.2107731, -0.4491515, 1.408222
1417308677781, -0.210935, -0.4491924, 1.408221
1417308677813, -0.2118167, -0.4520102, 1.408415
1417308677848, -0.2121256, -0.4545901, 1.408476
1417308677880, -0.2122642, -0.455056, 1.408699
1417308677913, -0.2125665, -0.4552609, 1.409429
1417308677948, -0.21286, -0.455297, 1.410124
1417308677981, -0.2128103, -0.4556995, 1.410674
1417308678012, -0.2128868, -0.4561139, 1.411171
1417308678048, -0.2129339, -0.4567573, 1.411834
1417308678081, -0.2130455, -0.4570454, 1.412246
1417308678112, -0.2133327, -0.4571288, 1.412756
1417308678148, -0.2135113, -0.4572707, 1.413158
1417308678182, -0.2138444, -0.4574926, 1.413457
1417308678213, -0.2143721, -0.457831, 1.413701
1417308678249, -0.2149024, -0.4582564, 1.413853
1417308678282, -0.2156586, -0.4584799, 1.41406
1417308678313, -0.2163456, -0.458748, 1.414319
1417308678349, -0.2166534, -0.4590486, 1.41447
1417308678389, -0.216978, -0.4592752, 1.414742
1417308678413, -0.2173911, -0.4595194, 1.415056
1417308678448, -0.2174897, -0.4596513, 1.415202
1417308678481, -0.217623, -0.4598517, 1.415581
1417308678512, -0.21768, -0.4600259, 1.415825
1417308678549, -0.2175946, -0.4602238, 1.416247
1417308678581, -0.2173547, -0.4604103, 1.416845
1417308678612, -0.2170385, -0.4606588, 1.417707
1417308678650, -0.2164108, -0.4609913, 1.418831
1417308678681, -0.2158796, -0.4612058, 1.419852
1417308678713, -0.2154887, -0.4613458, 1.420657
1417308678748, -0.2152205, -0.4615007, 1.421249
1417308678781, -0.2148251, -0.4616726, 1.421979
1417308678813, -0.214622, -0.461896, 1.422716
1417308678849, -0.2145098, -0.4620017, 1.423676
1417308678890, -0.2142186, -0.4621392, 1.424597
1417308678915, -0.2141186, -0.4623122, 1.425329
1417308678948, -0.2139037, -0.4624165, 1.426123
1417308678981, -0.213767, -0.4625188, 1.426648
1417308679013, -0.2131978, -0.4627023, 1.427435
1417308679046, -0.2130384, -0.4627554, 1.427998
1417308679081, -0.2130722, -0.4628372, 1.428446
1417308679113, -0.2129473, -0.4628818, 1.428996
1417308679147, -0.2127354, -0.4630791, 1.42938
1417308679180, -0.2128697, -0.4631803, 1.429869
1417308679213, -0.2128484, -0.4632549, 1.430155
1417308679249, -0.2128584, -0.4633419, 1.430454
1417308679281, -0.2128728, -0.4634643, 1.43066
1417308679312, -0.2128777, -0.4635223, 1.430815
1417308679348, -0.2128421, -0.4635834, 1.431021
1417308679390, -0.2127573, -0.4636367, 1.431266
1417308679416, -0.2127198, -0.4636816, 1.431382
1417308679448, -0.2126451, -0.4637517, 1.431475
1417308679481, -0.2126117, -0.4638186, 1.431582
1417308679512, -0.2125642, -0.4638554, 1.431787
1417308679548, -0.2125498, -0.4639623, 1.43196
1417308679581, -0.2125082, -0.464067, 1.432111
1417308679620, -0.2124627, -0.4641758, 1.432206
1417308679646, -0.2123539, -0.4641637, 1.432372
1417308679681, -0.2123322, -0.4641726, 1.432549
1417308679723, -0.2122834, -0.4642252, 1.432624
1417308679746, -0.2122374, -0.4642622, 1.432708
1417308679787, -0.211353, -0.4643897, 1.432863
1417308679813, -0.2110546, -0.4645134, 1.433024
1417308679848, -0.2109964, -0.4645617, 1.433061
1417308679881, -0.2105216, -0.464806, 1.433228
1417308679912, -0.210211, -0.4649815, 1.433438
1417308679948, -0.2099564, -0.465176, 1.433615
1417308679980, -0.2098135, -0.4651994, 1.433676
1417308680013, -0.2098007, -0.4652047, 1.433688
1417308680048, -0.209499, -0.465205, 1.433731
1417308680080, -0.2090386, -0.4653917, 1.433704
1417308680112, -0.2090369, -0.4653881, 1.433698
1417308680148, -0.2090414, -0.4653955, 1.433698
1417308680180, -0.2090601, -0.465398, 1.43368
1417308680213, -0.2088328, -0.4654019, 1.433619
1417308680249, -0.2088408, -0.4654035, 1.433576
1417308680281, -0.2088585, -0.4654955, 1.433422
1417308680312, -0.2088751, -0.4654576, 1.433301
1417308680348, -0.2088734, -0.4654491, 1.433123
1417308680380, -0.2089227, -0.4654201, 1.432897
1417308680413, -0.2089701, -0.4654105, 1.43281
1417308680449, -0.2090315, -0.4654095, 1.432699
1417308680482, -0.2090977, -0.465364, 1.432533
1417308680513, -0.2093567, -0.465338, 1.432216
1417308680549, -0.2096405, -0.4652304, 1.431944
1417308680580, -0.2098575, -0.4651887, 1.431727
1417308680649, -0.2102514, -0.4651561, 1.43117
1417308680681, -0.21053, -0.4651164, 1.430891
1417308680712, -0.2107037, -0.4651013, 1.430681
1417308680748, -0.2107883, -0.4650578, 1.430514
1417308680782, -0.2109074, -0.4649986, 1.430313
1417308680813, -0.2110283, -0.4649618, 1.430209
1417308680848, -0.2111498, -0.4649784, 1.430007
1417308680880, -0.2111805, -0.4649629, 1.429815
1417308680912, -0.2112995, -0.4649153, 1.429605
1417308680948, -0.2113386, -0.4648858, 1.429446
1417308680980, -0.2113281, -0.4648537, 1.429355
1417308681013, -0.2113129, -0.464837, 1.429307
1417308681048, -0.2113514, -0.4648392, 1.429224
1417308681080, -0.21136, -0.4648307, 1.429188
1417308681112, -0.2114041, -0.4647573, 1.428949
1417308681147, -0.2113656, -0.4647624, 1.428846
1417308681180, -0.2113786, -0.4647743, 1.428761
1417308681213, -0.211393, -0.4647551, 1.428693
1417308681248, -0.2114169, -0.4647598, 1.428514
1417308681281, -0.2114629, -0.4648264, 1.42834
1417308681313, -0.211503, -0.4648084, 1.428226
1417308681348, -0.2115473, -0.4648345, 1.428055
1417308681380, -0.2115661, -0.4648645, 1.427842
1417308681412, -0.2115774, -0.4648882, 1.427756
1417308681448, -0.2116151, -0.4649059, 1.42768
1417308681481, -0.2116059, -0.4649021, 1.427619
1417308681512, -0.2116038, -0.4648849, 1.42747
1417308681549, -0.2115313, -0.4649275, 1.427279
1417308681580, -0.2115299, -0.464924, 1.427264
1417308681613, -0.2115176, -0.4649382, 1.42723
1417308681648, -0.2113279, -0.4649625, 1.427069
1417308681680, -0.211304, -0.4649714, 1.427014
1417308681712, -0.2112913, -0.4649788, 1.426979
1417308681749, -0.2112547, -0.4650089, 1.426941
1417308681779, -0.2112495, -0.4650017, 1.426919
1417308681812, -0.2112252, -0.4650057, 1.426909
1417308681848, -0.2112223, -0.4650069, 1.426904
1417308681881, -0.2112191, -0.4650264, 1.426907
1417308681912, -0.2112044, -0.4650291, 1.426898
1417308681948, -0.2111984, -0.4650352, 1.426898
1417308681978, -0.2111949, -0.4650359, 1.426904
1417308682011, -0.2111866, -0.4650385, 1.426901
1417308682046, -0.2112232, -0.465059, 1.426909
1417308682079, -0.2112592, -0.4650615, 1.426935
1417308682112, -0.2112869, -0.4650685, 1.426943
1417308682148, -0.2114381, -0.4651231, 1.426958
1417308682181, -0.211605, -0.4651491, 1.426933
1417308682213, -0.2122099, -0.4654418, 1.426631
1417308682247, -0.2131776, -0.4654659, 1.425987
1417308682278, -0.2146735, -0.4654722, 1.424809
1417308682311, -0.2163584, -0.4655364, 1.422983
1417308682348, -0.2186359, -0.4659275, 1.419262
1417308682381, -0.221906, -0.4661615, 1.414901
1417308682412, -0.2249798, -0.4669621, 1.410471
1417308682447, -0.2275311, -0.4673479, 1.405113
1417308682480, -0.2304965, -0.4677693, 1.399645
1417308682512, -0.2341718, -0.4671134, 1.393981
1417308682548, -0.239078, -0.4655058, 1.387322
1417308682581, -0.24253, -0.4646789, 1.378957
1417308682612, -0.2456635, -0.4635645, 1.371032
1417308682648, -0.2479894, -0.462658, 1.36225
1417308682680, -0.2488412, -0.4618706, 1.352522
1417308682713, -0.2483729, -0.4614883, 1.340048
1417308682747, -0.2472197, -0.4614803, 1.326737
1417308682780, -0.2458489, -0.4621744, 1.309807
1417308682815, -0.2449027, -0.4633851, 1.292694
1417308682848, -0.245905, -0.4655731, 1.274538
1417308682881, -0.2456182, -0.4668911, 1.250802
1417308682913, -0.2411511, -0.4680476, 1.22117
1417308682949, -0.2372952, -0.466306, 1.195078
1417308682981, -0.2367207, -0.4630214, 1.165798
1417308683013, -0.2346952, -0.455961, 1.12584
1417308683048, -0.2327702, -0.4483932, 1.09754
1417308683081, -0.2292683, -0.4377359, 1.062047
1417308683112, -0.2248801, -0.4298612, 1.032807
1417308683148, -0.2192677, -0.419967, 1.00451
1417308683182, -0.2109212, -0.412677, 0.9789366
1417308683215, -0.2054497, -0.4058274, 0.9563345
1417308683250, -0.2026563, -0.3991714, 0.9345886
1417308683283, -0.2012186, -0.3930148, 0.9139923
1417308683316, -0.1998965, -0.3883006, 0.8951344
1417308683351, -0.2008722, -0.3837764, 0.8738851
1417308683383, -0.2008344, -0.3794633, 0.851702
1417308683415, -0.2028197, -0.3757458, 0.8297334
1417308683450, -0.2076386, -0.3719924, 0.8017938
1417308683482, -0.2120817, -0.367461, 0.7735684
1417308683516, -0.2208848, -0.3637758, 0.7427832
1417308683551, -0.2316464, -0.3623053, 0.7156856
1417308683583, -0.2327588, -0.3596356, 0.6981651
1417308683616, -0.2587749, -0.3583008, 0.6548201
1417308683650, -0.2863364, -0.3547381, 0.6367369
1417308683683, -0.311294, -0.3263677, 0.6132079
1417308683715, -0.3224733, -0.313915, 0.5992142
1417308683749, -0.3384218, -0.3243551, 0.5670592
1417308683780, -0.2314291, -0.3228933, 0.5810189
1417308683812, -0.2257911, -0.3321755, 0.5535114
