timestamp  X  Y  Z  
1417308853532, -0.05556231, -0.4395916, 1.452295
1417308853562, -0.05158626, -0.4406973, 1.467896
1417308853595, -0.04713262, -0.4470542, 1.49841
1417308853629, -0.04130488, -0.4539484, 1.523682
1417308853662, -0.03414787, -0.4613569, 1.548389
1417308853696, -0.02816039, -0.4718404, 1.575986
1417308853730, -0.02453628, -0.478342, 1.596538
1417308853762, -0.01560619, -0.4903905, 1.640858
1417308853795, -0.00716199, -0.5006599, 1.667281
1417308853828, 0.003813415, -0.5173056, 1.712831
1417308853861, 0.01561575, -0.5172551, 1.744041
1417308853896, 0.02242101, -0.5276259, 1.792297
1417308853929, 0.02733786, -0.5324249, 1.821789
1417308853961, 0.0360009, -0.5338215, 1.864569
1417308853996, 0.04321784, -0.5325748, 1.890219
1417308854029, 0.05153035, -0.5261078, 1.922681
1417308854061, 0.05658119, -0.5198759, 1.951571
1417308854096, 0.05885345, -0.513043, 1.979026
1417308854128, 0.06069617, -0.5106482, 1.99744
1417308854162, 0.06440731, -0.5140944, 2.021911
1417308854196, 0.06842133, -0.521304, 2.049071
1417308854228, 0.06760847, -0.5277618, 2.076977
1417308854261, 0.06895291, -0.5335587, 2.103958
1417308854296, 0.06457478, -0.540837, 2.149114
1417308854328, 0.06302735, -0.5475486, 2.177999
1417308854362, 0.05856698, -0.5579102, 2.220799
1417308854395, 0.05303332, -0.5680012, 2.262568
1417308854429, 0.04810047, -0.580887, 2.303611
1417308854462, 0.04476432, -0.5911002, 2.332741
1417308854496, 0.04220416, -0.6027074, 2.371991
1417308854529, 0.04006011, -0.6072447, 2.3961
1417308854562, 0.03572139, -0.6073726, 2.426139
1417308854594, 0.03230126, -0.6019011, 2.456542
1417308854629, 0.02921378, -0.598444, 2.48216
1417308854662, 0.02811834, -0.6039196, 2.507731
1417308854695, 0.03295666, -0.6100876, 2.534122
1417308854729, 0.03553449, -0.6175009, 2.553485
1417308854761, 0.03616861, -0.6251076, 2.575523
1417308854796, 0.03528723, -0.6340877, 2.599962
1417308854830, 0.03216668, -0.6404384, 2.619255
1417308854862, 0.02948912, -0.647722, 2.638042
1417308854896, 0.0265291, -0.6587373, 2.664936
1417308854929, 0.02322761, -0.6673673, 2.694717
1417308854962, 0.02418854, -0.6780271, 2.728189
1417308854995, 0.02762956, -0.691451, 2.758969
1417308855029, 0.02999578, -0.7082074, 2.796447
1417308855074, 0.03097009, -0.7207851, 2.829697
1417308855096, 0.03358558, -0.7309981, 2.867585
1417308855129, 0.03263033, -0.7364634, 2.903359
1417308855161, 0.03120879, -0.7343645, 2.925229
1417308855194, 0.02796529, -0.7314914, 2.958249
1417308855229, 0.02996279, -0.7274986, 2.972653
1417308855261, 0.0371308, -0.7240773, 3.00594
1417308855296, 0.03650857, -0.7260147, 3.019267
1417308855328, 0.03344062, -0.7323186, 3.040403
1417308855362, 0.03169343, -0.7341296, 3.05753
1417308855396, 0.03281265, -0.7387467, 3.079531
1417308855429, 0.02734869, -0.7429873, 3.103441
1417308855461, 0.02360749, -0.7466837, 3.124903
1417308855495, 0.01662268, -0.753349, 3.154131
1417308855527, 0.01129491, -0.7586493, 3.17502
1417308855561, 0.004126409, -0.7686848, 3.204888
1417308855595, -0.001800961, -0.7760703, 3.235658
1417308855628, -0.004391158, -0.7830461, 3.254294
1417308855660, -0.006857783, -0.8001103, 3.293328
1417308855696, -0.006856374, -0.8050282, 3.309127
1417308855729, -0.02005382, -0.8238245, 3.351877
1417308855762, -0.01989756, -0.8285463, 3.367496
1417308855796, -0.02423992, -0.8378193, 3.393511
1417308855829, -0.02537156, -0.841388, 3.417802
1417308855861, -0.02778253, -0.8401349, 3.435278
1417308855895, -0.02708466, -0.8431799, 3.450475
1417308855929, -0.02791096, -0.8416515, 3.46436
1417308855961, -0.02681913, -0.8409155, 3.474039
1417308855996, -0.02555949, -0.8435615, 3.484226
1417308856029, -0.02238154, -0.8406862, 3.496652
1417308856061, -0.02533752, -0.838003, 3.504401
1417308856095, -0.02377636, -0.8425506, 3.513693
1417308856129, -0.02233066, -0.8427374, 3.518494
1417308856161, -0.01880199, -0.845089, 3.529995
1417308856196, -0.02676563, -0.8402113, 3.539832
1417308856229, -0.02504832, -0.844741, 3.547807
1417308856261, -0.02085602, -0.8458369, 3.557913
1417308856296, -0.00802878, -0.8403325, 3.573933
1417308856329, -0.002681476, -0.8368725, 3.580283
1417308856360, 0.001100709, -0.8339291, 3.592378
1417308856395, 0.004560246, -0.8277964, 3.605274
1417308856429, 0.008974702, -0.827298, 3.619636
1417308856462, 0.01334235, -0.828097, 3.633659
1417308856495, 0.01756268, -0.8272044, 3.656951
1417308856529, 0.02112326, -0.8301299, 3.676168
1417308856561, 0.02573965, -0.8413584, 3.699415
1417308856595, 0.02773962, -0.8511785, 3.722772
1417308856629, 0.03173421, -0.8588701, 3.746039
1417308856661, 0.03627863, -0.8632763, 3.768105
1417308856696, 0.03972454, -0.8618693, 3.787314
1417308856730, 0.04260766, -0.8589001, 3.802005
1417308856761, 0.04339059, -0.8560443, 3.814849
1417308856796, 0.04353011, -0.8530241, 3.826787
1417308856829, 0.04243993, -0.8513917, 3.837689
1417308856863, 0.04254989, -0.8520336, 3.849922
1417308856895, 0.04218302, -0.8520976, 3.856696
1417308856928, 0.04213385, -0.854102, 3.869753
1417308856963, 0.04426391, -0.855334, 3.876394
1417308856996, 0.04315174, -0.8587942, 3.890753
1417308857028, 0.04174132, -0.8581299, 3.899071
1417308857061, 0.04165776, -0.8594991, 3.90579
1417308857095, 0.0401976, -0.8597019, 3.916642
1417308857129, 0.03581734, -0.8602949, 3.93462
1417308857160, 0.03212823, -0.8631368, 3.947386
1417308857196, 0.02986535, -0.8661659, 3.962727
1417308857228, 0.02881669, -0.8676695, 3.975548
1417308857261, 0.02225794, -0.8712601, 3.996623
1417308857296, 0.02214705, -0.8786167, 4.020541
1417308857329, 0.01756549, -0.88284, 4.036393
1417308857362, 0.01588135, -0.8865477, 4.060781
1417308857395, 0.01429852, -0.8941869, 4.077412
1417308857428, 0.01197955, -0.9032499, 4.100957
1417308857461, 0.01317114, -0.9043179, 4.112769
1417308857495, 0.01439353, -0.9056352, 4.124376
1417308857529, 0.01621127, -0.908169, 4.13991
1417308857561, 0.0176856, -0.9118261, 4.148247
1417308857595, 0.01930332, -0.9160441, 4.154926
1417308857628, 0.01956631, -0.9191684, 4.166258
1417308857661, 0.02002182, -0.9229487, 4.170508
1417308857695, 0.01883111, -0.9306549, 4.181461
1417308857728, 0.01963663, -0.9314483, 4.182846
1417308857761, 0.02160866, -0.9319148, 4.186988
1417308857795, 0.02513557, -0.9332653, 4.191955
1417308857828, 0.02767894, -0.9336637, 4.197379
1417308857861, 0.03362006, -0.9365543, 4.208943
1417308857896, 0.03675658, -0.9366128, 4.222052
1417308857929, 0.03830813, -0.9371197, 4.225624
1417308857961, 0.04044021, -0.939568, 4.232131
1417308857996, 0.04301967, -0.9419007, 4.238204
1417308858028, 0.0456599, -0.9456516, 4.246963
1417308858061, 0.05162548, -0.9517089, 4.259545
1417308858095, 0.05448608, -0.9544972, 4.270693
1417308858129, 0.05712941, -0.9548978, 4.274016
1417308858161, 0.06171804, -0.9507611, 4.281738
1417308858195, 0.06737884, -0.9474395, 4.294407
1417308858228, 0.06644296, -0.9434137, 4.302829
1417308858261, 0.0686928, -0.9398375, 4.309402
1417308858295, 0.06849858, -0.9360879, 4.314569
1417308858327, 0.06837682, -0.9319155, 4.317592
1417308858361, 0.06831704, -0.9304551, 4.318498
1417308858395, 0.06841603, -0.9291706, 4.32003
1417308858428, 0.06887084, -0.9265029, 4.321406
1417308858461, 0.06933697, -0.9229757, 4.322788
1417308858495, 0.06918132, -0.9228963, 4.323464
1417308858528, 0.06912269, -0.9227201, 4.323531
1417308858561, 0.06888928, -0.9223635, 4.324079
1417308858595, 0.06852691, -0.9220468, 4.325249
1417308858628, 0.06360292, -0.9211275, 4.329893
1417308858661, 0.05989911, -0.9174988, 4.334463
1417308858695, 0.05688432, -0.915746, 4.337418
1417308858728, 0.05327957, -0.913866, 4.345163
1417308858761, 0.05119034, -0.9118243, 4.349376
1417308858795, 0.04928869, -0.9119676, 4.355056
1417308858828, 0.04817408, -0.9112786, 4.357471
1417308858861, 0.04767188, -0.910911, 4.357418
1417308858895, 0.04675036, -0.910054, 4.358988
1417308858929, 0.04508433, -0.908994, 4.35965
1417308858961, 0.04507373, -0.9089945, 4.35967
1417308858994, 0.04514642, -0.9075382, 4.360064
1417308859028, 0.04492456, -0.9075045, 4.360236
1417308859060, 0.04465582, -0.9071222, 4.359835
1417308859095, 0.04462073, -0.9072394, 4.359658
1417308859129, 0.04478696, -0.9069945, 4.359172
1417308859160, 0.04591773, -0.9073244, 4.358599
1417308859194, 0.04665963, -0.9086215, 4.357046
1417308859227, 0.04960264, -0.9093916, 4.356054
1417308859261, 0.05299679, -0.9106566, 4.354034
1417308859294, 0.05533377, -0.9108503, 4.351761
1417308859328, 0.05686009, -0.9118055, 4.349348
1417308859361, 0.0589806, -0.9118917, 4.347527
1417308859395, 0.06123731, -0.9116266, 4.34454
1417308859429, 0.06228893, -0.9116009, 4.3429
1417308859462, 0.06237855, -0.9115661, 4.342795
1417308859495, 0.0655376, -0.9107506, 4.33801
1417308859528, 0.06521047, -0.9110506, 4.337506
1417308859560, 0.06614409, -0.9117703, 4.33679
1417308859594, 0.06744153, -0.9122518, 4.335649
1417308859628, 0.06875864, -0.9124314, 4.33475
1417308859661, 0.0706725, -0.9121559, 4.333662
1417308859694, 0.07179806, -0.9121793, 4.332423
1417308859728, 0.07307892, -0.9125603, 4.331818
1417308859761, 0.07511414, -0.912303, 4.330816
1417308859794, 0.07716026, -0.9113055, 4.330169
1417308859828, 0.07827006, -0.9107711, 4.330043
1417308859861, 0.07868735, -0.9102162, 4.330356
1417308859895, 0.08025573, -0.9095442, 4.330189
1417308859927, 0.08032232, -0.9098336, 4.330402
1417308859961, 0.08070901, -0.9098557, 4.331008
1417308859994, 0.0810597, -0.9079564, 4.329576
1417308860028, 0.08124352, -0.9070542, 4.32996
1417308860060, 0.08150106, -0.9073448, 4.331749
1417308860095, 0.08194564, -0.9074662, 4.332548
1417308860128, 0.08131099, -0.9069794, 4.332616
1417308860160, 0.08085384, -0.9069232, 4.333469
1417308860195, 0.08063733, -0.9064536, 4.334099
1417308860228, 0.08036663, -0.9066335, 4.33438
1417308860260, 0.08015539, -0.9067314, 4.33472
1417308860296, 0.08030451, -0.906828, 4.335363
1417308860328, 0.08103048, -0.9078853, 4.338418
1417308860360, 0.08205666, -0.9084554, 4.339342
1417308860395, 0.08206584, -0.9084926, 4.339436
1417308860429, 0.08209217, -0.9085761, 4.339445
1417308860460, 0.08246054, -0.908614, 4.339625
1417308860495, 0.08256719, -0.908611, 4.339718
1417308860528, 0.08288899, -0.9083108, 4.340329
1417308860561, 0.08288962, -0.9083376, 4.340412
1417308860594, 0.08312715, -0.9086348, 4.340827
1417308860628, 0.08359366, -0.9082358, 4.341131
1417308860660, 0.0834921, -0.9081041, 4.341937
1417308860694, 0.08378823, -0.9081396, 4.341954
1417308860728, 0.08401312, -0.9080477, 4.342095
1417308860761, 0.08458621, -0.9077807, 4.343808
1417308860795, 0.08455485, -0.9077731, 4.343885
1417308860828, 0.08491272, -0.9078741, 4.344097
1417308860860, 0.08503988, -0.907919, 4.344163
1417308860897, 0.08544894, -0.9074907, 4.344615
1417308860929, 0.08623114, -0.9074309, 4.345169
1417308860962, 0.08610533, -0.9080295, 4.346271
1417308860996, 0.08619698, -0.9076837, 4.346297
1417308861029, 0.08646078, -0.9074079, 4.346441
1417308861061, 0.08667632, -0.9074429, 4.346865
1417308861095, 0.08682128, -0.9073927, 4.34706
1417308861129, 0.08675081, -0.9072911, 4.347418
1417308861162, 0.08662956, -0.9073063, 4.347567
1417308861196, 0.08668637, -0.9071678, 4.347933
1417308861229, 0.0866272, -0.9070116, 4.348235
1417308861262, 0.08646844, -0.9069034, 4.348348
1417308861296, 0.08611186, -0.9070217, 4.348495
1417308861329, 0.08555637, -0.9070692, 4.349313
1417308861361, 0.08507653, -0.9073222, 4.349402
1417308861396, 0.08477429, -0.9071964, 4.348924
1417308861430, 0.08488736, -0.9071182, 4.348893
1417308861462, 0.08464446, -0.9073735, 4.348188
1417308861496, 0.08456369, -0.9074702, 4.348239
1417308861529, 0.08475331, -0.9070246, 4.347558
1417308861563, 0.08463494, -0.9070662, 4.347563
1417308861596, 0.08460107, -0.9073882, 4.347362
1417308861630, 0.08458438, -0.9074137, 4.346629
1417308861663, 0.08441833, -0.9072495, 4.346087
1417308861697, 0.08438626, -0.9072897, 4.345128
1417308861730, 0.08453269, -0.9072554, 4.343992
1417308861763, 0.08508363, -0.9066303, 4.341178
1417308861798, 0.0848798, -0.9064795, 4.340827
1417308861831, 0.08464165, -0.9063299, 4.340246
1417308861865, 0.08460753, -0.9063982, 4.339463
1417308861899, 0.0842085, -0.9059089, 4.338138
1417308861932, 0.08394405, -0.9057906, 4.336597
1417308861962, 0.08425783, -0.9058053, 4.334307
1417308861995, 0.08464611, -0.9049988, 4.331244
1417308862028, 0.08427561, -0.9039887, 4.328665
1417308862061, 0.0842195, -0.9026455, 4.327537
1417308862095, 0.08440681, -0.8961948, 4.32618
1417308862130, 0.08473241, -0.89412, 4.324964
1417308862163, 0.08628368, -0.8898439, 4.323442
1417308862197, 0.08719344, -0.8879375, 4.323302
1417308862231, 0.08725094, -0.8868545, 4.324656
1417308862263, 0.08714397, -0.8884293, 4.325167
1417308862296, 0.08852996, -0.8970106, 4.328394
1417308862330, 0.08820954, -0.8996052, 4.329581
1417308862363, 0.08861739, -0.9023286, 4.331479
1417308862398, 0.08860818, -0.902697, 4.336287
1417308862430, 0.08942882, -0.9035952, 4.340677
1417308862463, 0.08859128, -0.9049354, 4.3444
1417308862498, 0.08873072, -0.9049627, 4.345327
1417308862530, 0.08957866, -0.9067814, 4.347073
1417308862563, 0.08958217, -0.9067647, 4.347055
1417308862597, 0.08981593, -0.9072807, 4.347301
1417308862631, 0.08983246, -0.9068824, 4.347532
1417308862664, 0.09070556, -0.9034085, 4.346441
1417308862698, 0.09122957, -0.9027895, 4.346726
1417308862731, 0.09158967, -0.8997554, 4.344393
1417308862763, 0.0915629, -0.8983348, 4.344891
1417308862797, 0.09212857, -0.8955024, 4.344711
1417308862831, 0.091837, -0.8926337, 4.345718
1417308862865, 0.09199175, -0.8928975, 4.346326
1417308862897, 0.09143847, -0.8973801, 4.349138
1417308862930, 0.0902705, -0.9100745, 4.354314
1417308862965, 0.09022993, -0.9102088, 4.35449
1417308862995, 0.09138506, -0.9103305, 4.358312
1417308863029, 0.09168668, -0.9102232, 4.361411
1417308863061, 0.09140334, -0.9099944, 4.362255
1417308863095, 0.0913027, -0.9111062, 4.363777
1417308863129, 0.09208746, -0.9118613, 4.364981
1417308863161, 0.09208613, -0.9124757, 4.367119
1417308863196, 0.09205699, -0.9123909, 4.367073
1417308863228, 0.09238724, -0.9122586, 4.366855
1417308863261, 0.09240287, -0.912199, 4.366889
1417308863295, 0.09215766, -0.9115762, 4.366581
1417308863328, 0.09092876, -0.9087843, 4.364758
1417308863360, 0.09051402, -0.9055585, 4.363323
1417308863395, 0.0894571, -0.9009166, 4.363576
1417308863428, 0.09002918, -0.8972844, 4.364058
1417308863461, 0.08980975, -0.8963625, 4.364583
1417308863495, 0.08963125, -0.8964148, 4.366257
1417308863529, 0.08879139, -0.9021833, 4.368837
1417308863561, 0.08879827, -0.9040878, 4.369354
1417308863595, 0.08828913, -0.9051683, 4.369914
1417308863628, 0.08824374, -0.9054362, 4.370041
1417308863661, 0.08766017, -0.9048908, 4.370715
1417308863695, 0.08798164, -0.9062901, 4.372274
1417308863729, 0.08793681, -0.9064585, 4.372663
1417308863762, 0.0871781, -0.9077857, 4.373092
1417308863795, 0.08701587, -0.9079805, 4.373473
1417308863829, 0.08673825, -0.9072543, 4.373986
1417308863861, 0.08662594, -0.9073492, 4.374268
1417308863895, 0.08656352, -0.9074129, 4.374419
1417308863929, 0.08634786, -0.9071813, 4.373868
1417308863961, 0.08623223, -0.9070631, 4.37374
1417308863995, 0.08608896, -0.9074792, 4.373914
1417308864028, 0.08586538, -0.9072635, 4.373301
1417308864061, 0.08577118, -0.9073757, 4.373001
1417308864094, 0.0857475, -0.9068978, 4.372564
1417308864128, 0.08598847, -0.9070296, 4.372068
1417308864161, 0.08605462, -0.9065919, 4.371033
1417308864195, 0.08604202, -0.906438, 4.370461
1417308864229, 0.086339, -0.9063533, 4.369847
1417308864260, 0.08661092, -0.9076158, 4.369238
1417308864295, 0.08663981, -0.9076866, 4.369074
1417308864328, 0.08684571, -0.9073654, 4.367312
1417308864361, 0.08720295, -0.9082269, 4.366332
1417308864394, 0.08731526, -0.907544, 4.366664
1417308864429, 0.08724642, -0.9080467, 4.366999
1417308864460, 0.08674825, -0.9086494, 4.366877
1417308864494, 0.08684246, -0.9085994, 4.366623
1417308864528, 0.08702458, -0.9089717, 4.366882
1417308864562, 0.08705479, -0.9096344, 4.368256
1417308864595, 0.08713196, -0.909605, 4.368204
1417308864628, 0.08698373, -0.9094239, 4.367471
1417308864661, 0.08690131, -0.909276, 4.367515
1417308864694, 0.08683772, -0.9092169, 4.367595
1417308864728, 0.08681861, -0.9091307, 4.367802
1417308864761, 0.08694621, -0.9085456, 4.36767
1417308864795, 0.0872113, -0.9079822, 4.367351
1417308864828, 0.08695181, -0.9075993, 4.367354
1417308864860, 0.08689852, -0.907397, 4.367323
1417308864894, 0.08668835, -0.9071785, 4.366893
1417308864928, 0.08661219, -0.9074203, 4.368042
1417308864962, 0.0866455, -0.9071642, 4.36774
1417308864996, 0.08666259, -0.9072664, 4.368252
1417308865029, 0.08649017, -0.9071703, 4.368021
1417308865061, 0.08633006, -0.9071841, 4.367972
1417308865097, 0.08622801, -0.9071388, 4.367937
1417308865128, 0.08618913, -0.9071942, 4.367871
1417308865163, 0.0860507, -0.9072617, 4.36806
1417308865196, 0.08560379, -0.9071355, 4.368044
1417308865230, 0.08568107, -0.9072592, 4.368503
1417308865261, 0.08563578, -0.9074383, 4.368843
1417308865297, 0.08553462, -0.9075147, 4.368666
1417308865329, 0.08500857, -0.9080173, 4.368789
1417308865362, 0.0847455, -0.9076264, 4.36879
1417308865396, 0.08479265, -0.9081287, 4.369217
1417308865430, 0.08474801, -0.9080163, 4.369433
1417308865462, 0.08453614, -0.9079619, 4.369247
1417308865496, 0.08445656, -0.9082488, 4.369141
1417308865529, 0.08432435, -0.9083146, 4.369241
1417308865563, 0.08410725, -0.9080604, 4.369014
1417308865596, 0.08419015, -0.9080409, 4.369004
1417308865630, 0.08420025, -0.9082557, 4.368997
1417308865663, 0.08435893, -0.9091968, 4.369203
1417308865697, 0.08455523, -0.909264, 4.36902
1417308865730, 0.08456144, -0.9089471, 4.369033
1417308865764, 0.08451099, -0.908712, 4.368811
1417308865797, 0.08436727, -0.9088937, 4.369051
1417308865831, 0.08424641, -0.9089062, 4.369009
1417308865863, 0.08415402, -0.908895, 4.368991
1417308865897, 0.08419547, -0.9088129, 4.368849
1417308865930, 0.08407117, -0.9089934, 4.368922
1417308865963, 0.08396406, -0.9089736, 4.368813
1417308865997, 0.08387901, -0.9090264, 4.369141
1417308866030, 0.08382262, -0.9090669, 4.369034
1417308866063, 0.08372191, -0.9093598, 4.369356
1417308866098, 0.08353328, -0.9095182, 4.369305
1417308866131, 0.08309182, -0.908969, 4.368894
1417308866164, 0.08291044, -0.9091293, 4.369285
1417308866197, 0.08316639, -0.9094342, 4.369563
1417308866230, 0.08312391, -0.9093654, 4.369608
1417308866263, 0.08311592, -0.9091771, 4.369651
1417308866298, 0.08332798, -0.9095707, 4.369501
1417308866329, 0.08328831, -0.9095513, 4.369483
1417308866363, 0.08266078, -0.9090737, 4.36939
1417308866398, 0.08262619, -0.90891, 4.369225
1417308866430, 0.08264068, -0.9087865, 4.36904
1417308866464, 0.08266433, -0.9084667, 4.36861
1417308866496, 0.08271294, -0.9087851, 4.368798
1417308866530, 0.08265208, -0.908901, 4.368687
1417308866563, 0.08276976, -0.9093729, 4.368688
1417308866596, 0.08302964, -0.9093149, 4.368296
1417308866630, 0.08336915, -0.9086787, 4.367033
1417308866662, 0.08333509, -0.9086383, 4.366923
1417308866696, 0.08335017, -0.9085851, 4.366847
1417308866729, 0.08407252, -0.9083553, 4.365595
1417308866762, 0.08410446, -0.9083878, 4.36546
1417308866796, 0.08412258, -0.9084191, 4.365441
1417308866829, 0.08409856, -0.9085531, 4.365247
1417308866862, 0.08379456, -0.9091588, 4.36484
1417308866896, 0.08370329, -0.9093919, 4.36457
1417308866929, 0.08368348, -0.9091246, 4.364236
1417308866963, 0.08341366, -0.9097546, 4.363995
1417308866996, 0.0834099, -0.9097548, 4.363989
1417308867028, 0.08329239, -0.9099315, 4.363971
1417308867062, 0.0832657, -0.9101153, 4.36331
1417308867096, 0.08345829, -0.9105917, 4.363167
1417308867129, 0.08376239, -0.911091, 4.363206
1417308867163, 0.08423275, -0.9109399, 4.362651
1417308867197, 0.08418024, -0.9109285, 4.362849
1417308867231, 0.0841911, -0.9111312, 4.362855
1417308867263, 0.08438855, -0.9104321, 4.361907
1417308867297, 0.08444742, -0.910319, 4.361837
1417308867330, 0.08409521, -0.9104505, 4.361618
1417308867364, 0.08400183, -0.9103732, 4.361539
1417308867398, 0.08388823, -0.9101526, 4.361475
1417308867431, 0.08388874, -0.9104971, 4.360136
1417308867463, 0.08377552, -0.9099308, 4.359329
1417308867497, 0.08370212, -0.910529, 4.359196
1417308867530, 0.08390938, -0.910897, 4.358371
1417308867564, 0.08402133, -0.9108306, 4.358355
1417308867597, 0.0838154, -0.9108514, 4.357183
1417308867631, 0.08371475, -0.9107703, 4.356337
1417308867663, 0.0838731, -0.9108441, 4.356152
1417308867697, 0.08449141, -0.910391, 4.35527
1417308867731, 0.08509263, -0.9102729, 4.354471
1417308867765, 0.08687595, -0.9106955, 4.351386
1417308867799, 0.09091659, -0.909475, 4.345948
1417308867832, 0.09387331, -0.9095802, 4.342657
1417308867865, 0.09808087, -0.9104658, 4.336558
1417308867896, 0.1008686, -0.9102365, 4.334181
1417308867962, 0.110566, -0.9089051, 4.322613
1417308867971, 0.1141644, -0.9091813, 4.320761
1417308867996, 0.1241756, -0.9097773, 4.314027
1417308868029, 0.1276281, -0.9106651, 4.310679
1417308868061, 0.1340353, -0.9114533, 4.304218
1417308868096, 0.1393656, -0.9134259, 4.296598
1417308868130, 0.1429784, -0.9143209, 4.292192
1417308868164, 0.1452204, -0.9146137, 4.283226
1417308868197, 0.1457949, -0.9143639, 4.275226
1417308868230, 0.1477579, -0.918426, 4.257028
1417308868263, 0.1455303, -0.9191473, 4.246413
1417308868298, 0.1438773, -0.9203575, 4.232857
1417308868330, 0.1428316, -0.9259462, 4.216153
1417308868364, 0.1407455, -0.9251067, 4.186328
1417308868398, 0.1374221, -0.9277268, 4.166021
1417308868431, 0.1356032, -0.9288357, 4.133383
1417308868463, 0.1345552, -0.9273694, 4.111703
1417308868498, 0.1303732, -0.9225618, 4.070905
1417308868530, 0.1224141, -0.9127079, 4.040939
1417308868565, 0.1197423, -0.8985397, 3.997338
1417308868615, 0.111171, -0.8874697, 3.969851
1417308868630, 0.1014503, -0.8700246, 3.924221
1417308868663, 0.09953798, -0.8612027, 3.9008
1417308868698, 0.09652955, -0.8525907, 3.868552
1417308868730, 0.09289105, -0.844552, 3.836824
1417308868764, 0.08868785, -0.8385445, 3.814148
1417308868798, 0.08813752, -0.8303679, 3.785094
1417308868830, 0.08543959, -0.8260428, 3.75404
1417308868865, 0.08478774, -0.8239798, 3.729378
1417308868898, 0.08172689, -0.8215691, 3.698778
1417308868931, 0.08011098, -0.8236409, 3.670193
1417308868965, 0.07913365, -0.8199412, 3.638928
1417308868997, 0.07092475, -0.8237638, 3.607739
1417308869031, 0.0750859, -0.820828, 3.557299
1417308869064, 0.07046891, -0.8176655, 3.514718
1417308869098, 0.06906323, -0.812463, 3.458498
1417308869131, 0.07180506, -0.7970042, 3.414562
1417308869164, 0.07377455, -0.7834666, 3.372803
1417308869199, 0.08571669, -0.7738918, 3.320693
1417308869231, 0.08588019, -0.7670874, 3.29059
1417308869263, 0.08422394, -0.7586041, 3.242491
1417308869297, 0.08450239, -0.7540804, 3.212974
1417308869331, 0.07991446, -0.7462815, 3.16604
1417308869365, 0.08222482, -0.7421056, 3.140427
1417308869397, 0.0794277, -0.7370458, 3.09511
1417308869432, 0.07905219, -0.7348143, 3.065841
1417308869463, 0.07465796, -0.7341428, 3.023143
1417308869497, 0.06852365, -0.7335883, 2.986584
1417308869532, 0.06288863, -0.7321178, 2.945348
1417308869564, 0.06264215, -0.7289184, 2.903863
1417308869598, 0.05639756, -0.717918, 2.854424
1417308869630, 0.05578462, -0.7092618, 2.809333
1417308869663, 0.04985058, -0.6930516, 2.766876
1417308869699, 0.04517219, -0.6809872, 2.724117
1417308869732, 0.03872066, -0.6714495, 2.696981
1417308869764, 0.03153811, -0.6550468, 2.653859
1417308869798, 0.02657967, -0.6478356, 2.630609
1417308869831, 0.02682778, -0.6346333, 2.594813
1417308869864, 0.02409708, -0.6283928, 2.569777
1417308869898, 0.02391084, -0.6220434, 2.541521
1417308869932, 0.02680279, -0.617293, 2.509063
1417308869965, 0.02557873, -0.6159751, 2.475723
1417308870010, 0.0248696, -0.6142825, 2.438924
1417308870042, 0.02268181, -0.6161076, 2.401005
1417308870064, 0.0222744, -0.6188143, 2.361623
1417308870098, 0.0200648, -0.6151559, 2.310647
1417308870132, 0.02433973, -0.6096215, 2.269208
1417308870164, 0.0258597, -0.5999352, 2.216727
1417308870198, 0.02838148, -0.5920953, 2.182806
1417308870231, 0.03461999, -0.5794866, 2.133772
1417308870265, 0.03549652, -0.5735289, 2.105413
1417308870299, 0.03804497, -0.565125, 2.070597
1417308870331, 0.03968382, -0.5539475, 2.035287
1417308870364, 0.03947806, -0.5464221, 2.00142
1417308870397, 0.0399125, -0.5389125, 1.9612
1417308870431, 0.04280053, -0.5341488, 1.930259
1417308870463, 0.04374566, -0.5319116, 1.895388
1417308870498, 0.04389019, -0.5311967, 1.863726
1417308870531, 0.04194687, -0.5316168, 1.821631
1417308870564, 0.03944184, -0.5362253, 1.790423
1417308870597, 0.03863095, -0.537065, 1.750797
1417308870631, 0.03569581, -0.5357843, 1.716161
1417308870664, 0.03376099, -0.5297579, 1.665783
1417308870698, 0.03173497, -0.5233206, 1.631278
1417308870731, 0.03012443, -0.5110375, 1.584482
1417308870765, 0.02677789, -0.5041436, 1.561449
1417308870799, 0.02196494, -0.4923108, 1.523065
1417308870832, 0.01503431, -0.4870018, 1.505368
1417308870865, 0.00314243, -0.4807338, 1.488008
1417308870899, -0.001205013, -0.4706654, 1.46861
1417308870932, -0.0008788023, -0.4638791, 1.456628
1417308870966, -0.00176048, -0.4593764, 1.446518
1417308870998, -0.001026044, -0.4553868, 1.436364
1417308871031, 0.0005404898, -0.4518722, 1.427768
1417308871066, 0.0009536793, -0.4485865, 1.418552
1417308871099, 0.0021323, -0.446541, 1.409935
1417308871134, 0.003405198, -0.445065, 1.400674
1417308871167, 0.004341709, -0.4438557, 1.392825
1417308871244, 0.004819111, -0.4432649, 1.386081
1417308871256, 0.005804989, -0.4423437, 1.37935
1417308871268, 0.006016113, -0.4419527, 1.373833
1417308871300, 0.006097426, -0.4414568, 1.367353
1417308871333, 0.005387693, -0.4409636, 1.361853
1417308871365, 0.004400824, -0.4407135, 1.357676
1417308871399, 0.003129822, -0.4408317, 1.353291
1417308871431, 0.002413606, -0.4405987, 1.349281
1417308871465, 0.002016837, -0.4403101, 1.345246
1417308871499, 0.00223108, -0.43993, 1.341767
1417308871532, 0.001932447, -0.4396203, 1.338575
1417308871565, 0.002375116, -0.4391128, 1.335501
1417308871599, 0.002950811, -0.4385186, 1.332701
1417308871631, 0.00332955, -0.438024, 1.330576
1417308871665, 0.003841262, -0.437559, 1.328681
1417308871699, 0.004096884, -0.4369239, 1.326793
1417308871731, 0.00445747, -0.4364086, 1.32534
1417308871765, 0.004370288, -0.4360848, 1.323909
1417308871798, 0.004129538, -0.4357511, 1.322323
1417308871831, 0.004095847, -0.4354531, 1.321237
1417308871864, 0.004374947, -0.4351626, 1.32014
1417308871899, 0.005036728, -0.4348629, 1.318335
1417308871932, 0.005192449, -0.4346189, 1.317372
1417308871965, 0.00539098, -0.4345562, 1.316777
1417308871998, 0.005553926, -0.4344414, 1.315728
1417308872030, 0.005919923, -0.4343299, 1.314907
1417308872064, 0.005976169, -0.4342664, 1.314241
1417308872098, 0.005921005, -0.4342544, 1.313096
1417308872143, 0.005971593, -0.4342465, 1.312473
1417308872185, 0.005836149, -0.434247, 1.311664
1417308872202, 0.005714531, -0.4342335, 1.310796
1417308872232, 0.005553195, -0.4342558, 1.310084
1417308872276, 0.005400166, -0.4343291, 1.309613
1417308872309, 0.005129183, -0.4343702, 1.308816
1417308872333, 0.004887245, -0.4343615, 1.308252
1417308872374, 0.004813521, -0.4343887, 1.307977
1417308872400, 0.004852923, -0.4343624, 1.307545
1417308872432, 0.004842204, -0.4344077, 1.307137
1417308872469, 0.004913846, -0.4343669, 1.30668
1417308872498, 0.004960016, -0.4343713, 1.30643
1417308872532, 0.004975274, -0.4343956, 1.306283
1417308872574, 0.005000579, -0.4344049, 1.306222
1417308872607, 0.004887178, -0.434446, 1.306139
1417308872633, 0.004797728, -0.4344409, 1.305988
1417308872664, 0.004862141, -0.4344012, 1.305852
1417308872699, 0.004918929, -0.4343862, 1.305694
1417308872732, 0.004936429, -0.4343632, 1.305639
1417308872766, 0.004837814, -0.434337, 1.305608
1417308872813, 0.004633375, -0.4343049, 1.305431
1417308872839, 0.004635392, -0.4342552, 1.305337
1417308872878, 0.004407132, -0.4343137, 1.305397
1417308872910, 0.004326724, -0.4343349, 1.305305
1417308872940, 0.004271585, -0.4343508, 1.305277
1417308872976, 0.004158485, -0.4343223, 1.305274
1417308873006, 0.004160852, -0.4343134, 1.305269
1417308873048, 0.004166322, -0.4343041, 1.305249
1417308873083, 0.003989563, -0.4343039, 1.305237
1417308873107, 0.003865876, -0.4343053, 1.305121
1417308873135, 0.003763857, -0.4343033, 1.305115
1417308873207, 0.00367722, -0.4343284, 1.305058
1417308873219, 0.003538564, -0.4343269, 1.305024
1417308873244, 0.003382624, -0.43436, 1.305021
1417308873277, 0.00339724, -0.434363, 1.304992
1417308873311, 0.003246767, -0.434355, 1.304961
1417308873331, 0.003257467, -0.4343458, 1.304961
1417308873365, 0.003252253, -0.4343453, 1.304951
1417308873399, 0.003184445, -0.4343258, 1.304915
1417308873432, 0.003171543, -0.4343134, 1.304888
1417308873466, 0.003105445, -0.4343017, 1.304801
1417308873500, 0.003026187, -0.4342554, 1.304692
1417308873532, 0.002943787, -0.4342765, 1.304568
1417308873565, 0.00285604, -0.4343065, 1.304452
1417308873599, 0.002963837, -0.4342642, 1.30425
1417308873632, 0.002797065, -0.4342304, 1.303928
1417308873667, 0.002659322, -0.4342548, 1.30365
1417308873699, 0.002595459, -0.4342731, 1.303162
1417308873731, 0.002735839, -0.4341786, 1.302709
1417308873765, 0.002492994, -0.4341475, 1.301877
1417308873799, 0.00234133, -0.4341108, 1.301026
1417308873832, 0.002059677, -0.4340371, 1.299947
1417308873864, 0.001981894, -0.433907, 1.298323
1417308873899, 0.001849439, -0.4335947, 1.296081
1417308873931, 0.001641809, -0.4331692, 1.293002
1417308873965, 0.002860497, -0.4321036, 1.288847
1417308873999, 0.002763583, -0.4315664, 1.286027
1417308874033, 0.002736825, -0.4305582, 1.282839
1417308874065, 0.002536732, -0.4293791, 1.280558
1417308874099, 0.002715259, -0.428131, 1.279416
1417308874132, 0.002701002, -0.4268362, 1.278797
1417308874167, 0.002945914, -0.4255978, 1.278713
1417308874200, 0.003236506, -0.4248889, 1.279157
1417308874232, 0.003692251, -0.424493, 1.28049
1417308874264, 0.005390991, -0.4254683, 1.283459
1417308874305, 0.005514688, -0.4278433, 1.286622
1417308874331, 0.00633985, -0.4294713, 1.289271
1417308874365, 0.007072679, -0.4299254, 1.292134
1417308874400, 0.007534146, -0.4301588, 1.294502
1417308874432, 0.007237452, -0.4306155, 1.296937
1417308874465, 0.007528887, -0.4313399, 1.299092
1417308874499, 0.00753959, -0.4321127, 1.300991
1417308874532, 0.007599412, -0.4323569, 1.301993
1417308874570, 0.007729418, -0.4325401, 1.302942
1417308874600, 0.007856818, -0.4326171, 1.303356
1417308874631, 0.007922312, -0.4326508, 1.303536
1417308874664, 0.007962141, -0.432709, 1.303539
1417308874698, 0.008000481, -0.4327187, 1.303469
1417308874731, 0.007723306, -0.432678, 1.30302
1417308874765, 0.007408115, -0.4324178, 1.30166
1417308874803, 0.007548473, -0.4318717, 1.298673
1417308874831, 0.007709209, -0.4308314, 1.295192
1417308874863, 0.01010459, -0.4290401, 1.289949
1417308874897, 0.01036578, -0.4277852, 1.285992
1417308874931, 0.01006988, -0.4267742, 1.283013
1417308874964, 0.01030037, -0.424835, 1.279104
1417308874999, 0.01027042, -0.4229624, 1.276412
1417308875031, 0.010465, -0.4215663, 1.275029
1417308875064, 0.01026048, -0.420917, 1.274773
1417308875107, 0.01042272, -0.4205936, 1.274627
1417308875141, 0.01038711, -0.4208493, 1.274837
1417308875172, 0.009494361, -0.4233182, 1.275724
1417308875199, 0.009022716, -0.4246733, 1.276587
1417308875232, 0.008758768, -0.4249685, 1.277327
1417308875265, 0.008032974, -0.4255158, 1.279323
1417308875330, 0.007310015, -0.4260102, 1.280989
1417308875339, 0.006780261, -0.4266486, 1.282314
1417308875365, 0.005916344, -0.4272524, 1.283277
1417308875398, 0.005717861, -0.4273756, 1.283559
1417308875431, 0.005462933, -0.4275951, 1.283861
1417308875464, 0.005278231, -0.4277001, 1.284053
1417308875498, 0.005270924, -0.4277444, 1.284074
1417308875531, 0.005259986, -0.4278144, 1.284024
1417308875564, 0.005240965, -0.427924, 1.283799
1417308875599, 0.005613304, -0.4279585, 1.283227
1417308875631, 0.005955287, -0.4279205, 1.282266
1417308875664, 0.006212599, -0.4280085, 1.281248
1417308875698, 0.006810959, -0.427654, 1.279632
1417308875731, 0.007409538, -0.427177, 1.278371
1417308875765, 0.007256466, -0.4264278, 1.277348
1417308875799, 0.007423112, -0.4247915, 1.276141
1417308875832, 0.007388175, -0.4232767, 1.276018
1417308875864, 0.007707971, -0.4212332, 1.27633
1417308875899, 0.007962337, -0.4203523, 1.277342
1417308875932, 0.008188021, -0.4204387, 1.278756
1417308875966, 0.009307997, -0.4238827, 1.282708
1417308876000, 0.01021874, -0.4267164, 1.285055
1417308876033, 0.009662398, -0.4278851, 1.287228
1417308876064, 0.009224654, -0.4283118, 1.288955
1417308876098, 0.008921582, -0.4282247, 1.290915
1417308876130, 0.009403386, -0.4287199, 1.292038
1417308876163, 0.009580186, -0.4292649, 1.292747
1417308876197, 0.008866087, -0.4297018, 1.29345
1417308876230, 0.008750543, -0.4298631, 1.293696
1417308876264, 0.008781039, -0.429893, 1.293739
1417308876298, 0.008790407, -0.429906, 1.29374
1417308876331, 0.008737667, -0.4299645, 1.293751
1417308876364, 0.008500052, -0.4300513, 1.293618
1417308876398, 0.0083713, -0.4301916, 1.293307
1417308876431, 0.008325517, -0.430277, 1.29315
1417308876464, 0.008127867, -0.4303516, 1.292773
1417308876498, 0.00807518, -0.4305019, 1.292397
1417308876531, 0.008145238, -0.4305877, 1.292068
1417308876564, 0.008012631, -0.4306495, 1.291595
1417308876605, 0.008065294, -0.430703, 1.291013
1417308876640, 0.008079999, -0.4307892, 1.290537
1417308876672, 0.008091127, -0.4308606, 1.290179
1417308876699, 0.008014726, -0.4309296, 1.289866
1417308876732, 0.007873134, -0.4309994, 1.289645
1417308876764, 0.00802873, -0.431064, 1.289146
1417308876799, 0.008037556, -0.4311481, 1.288803
1417308876832, 0.008048413, -0.4311616, 1.288403
1417308876865, 0.008050208, -0.4312363, 1.288053
1417308876898, 0.007934125, -0.431285, 1.287847
1417308876931, 0.007700722, -0.4315197, 1.287443
1417308876965, 0.007594379, -0.4316724, 1.287105
1417308876998, 0.00734449, -0.4318633, 1.287028
1417308877031, 0.007071165, -0.4320103, 1.286917
1417308877067, 0.006459053, -0.4326605, 1.286761
1417308877102, 0.006175289, -0.4328608, 1.286928
1417308877135, 0.005967978, -0.4331629, 1.287121
1417308877168, 0.005728676, -0.4334339, 1.287523
1417308877199, 0.005579856, -0.4336196, 1.287907
1417308877231, 0.005364872, -0.4339052, 1.288636
1417308877264, 0.005359066, -0.4341214, 1.288973
1417308877298, 0.005229625, -0.434333, 1.289385
1417308877331, 0.005292663, -0.434416, 1.290053
1417308877364, 0.005254848, -0.4345264, 1.290432
1417308877398, 0.005163718, -0.4344621, 1.291088
1417308877432, 0.005032201, -0.4344959, 1.291472
1417308877464, 0.00495439, -0.4345353, 1.291727
1417308877498, 0.004924972, -0.4345009, 1.291852
1417308877532, 0.004818378, -0.4344134, 1.292113
1417308877563, 0.004708488, -0.4343902, 1.292263
1417308877598, 0.004638375, -0.434404, 1.292246
1417308877632, 0.004347444, -0.4344392, 1.292157
1417308877664, 0.004058811, -0.434449, 1.291958
1417308877698, 0.003844177, -0.4344672, 1.291698
1417308877731, 0.003409136, -0.4344846, 1.291243
1417308877765, 0.002716346, -0.4343141, 1.290602
1417308877798, 0.002290569, -0.4342708, 1.290126
1417308877831, 0.001724989, -0.4341509, 1.2897
1417308877864, 0.001212836, -0.4340906, 1.289402
1417308877899, 0.0009300436, -0.4340461, 1.289189
1417308877932, 0.0004334373, -0.433955, 1.288823
1417308877964, 0.0001608618, -0.4338771, 1.288531
1417308877999, -1.59791E-05, -0.4337706, 1.288523
1417308878031, -0.0001147429, -0.4336874, 1.288313
1417308878064, -0.0001762594, -0.4335991, 1.288289
1417308878098, -0.0002007121, -0.4335242, 1.288301
1417308878131, -0.0001678004, -0.4334664, 1.288401
1417308878165, -0.0001493447, -0.4334489, 1.288364
1417308878198, -0.0001540438, -0.4333967, 1.2884
1417308878232, -0.0001559793, -0.4333932, 1.288419
1417308878264, -0.0001186057, -0.4333515, 1.288463
1417308878298, -0.0001218334, -0.4333435, 1.288507
1417308878331, -7.116513E-05, -0.4333071, 1.288636
1417308878364, -4.252549E-05, -0.4333089, 1.28865
1417308878396, -5.635772E-06, -0.4333055, 1.288668
1417308878431, 1.220624E-05, -0.4333292, 1.288655
1417308878464, 2.200127E-05, -0.4333457, 1.288656
1417308878500, 6.001821E-06, -0.4333635, 1.288655
1417308878532, -5.855637E-05, -0.4334042, 1.288718
1417308878566, -0.0001169574, -0.4334548, 1.2888
1417308878598, -0.0001431823, -0.4334851, 1.288781
1417308878631, -0.0002361517, -0.4335339, 1.288801
1417308878663, -0.0002722538, -0.4335389, 1.288957
1417308878699, -0.000285264, -0.4335628, 1.28897
1417308878745, -0.0002436596, -0.4335898, 1.288943
1417308878764, -0.0002768697, -0.4336484, 1.288993
1417308878798, -0.000277788, -0.4336684, 1.289065
1417308878831, -0.0002816185, -0.4336937, 1.28907
1417308878864, -0.0002970418, -0.4337616, 1.289097
1417308878898, -0.0003188532, -0.4337892, 1.289118
1417308878931, -0.0003180757, -0.4338146, 1.289126
1417308878963, -0.000386656, -0.4338896, 1.289354
1417308878997, -0.0003974537, -0.4339076, 1.289374
1417308879030, -0.0004168571, -0.4339539, 1.289419
1417308879062, -0.000411926, -0.4339363, 1.289581
1417308879097, -0.0004152972, -0.4339737, 1.289606
1417308879130, -0.0004127163, -0.4340699, 1.289497
1417308879192, -0.0004214366, -0.4340954, 1.289522
1417308879202, -0.0004678942, -0.4341093, 1.289657
1417308879232, -0.0004525208, -0.4341149, 1.289662
1417308879265, -0.0004478809, -0.4341171, 1.289664
1417308879299, -0.0004465811, -0.4341375, 1.289687
1417308879331, -0.0004206643, -0.434135, 1.2897
1417308879365, -0.0003787493, -0.4341811, 1.289728
1417308879414, -0.0004430113, -0.4342514, 1.289801
1417308879431, -0.0005065175, -0.4342908, 1.28984
1417308879463, -0.0005085154, -0.4342999, 1.289903
1417308879497, -0.0004838837, -0.4342599, 1.290153
1417308879530, -0.0004696895, -0.434266, 1.290258
1417308879563, -0.0004256374, -0.4343153, 1.290293
1417308879598, -0.0004415772, -0.4343526, 1.290325
1417308879631, -0.000443791, -0.4343835, 1.290378
1417308879664, -0.0004208901, -0.4344236, 1.290395
1417308879698, -0.0003526725, -0.4344533, 1.29041
1417308879732, -0.0003074172, -0.434488, 1.29041
1417308879765, -0.0001732289, -0.4345518, 1.290371
1417308879798, 7.137781E-06, -0.4346097, 1.290159
1417308879831, 5.351927E-05, -0.434673, 1.289915
1417308879865, 0.0004595194, -0.4347348, 1.289368
1417308879899, 0.0006086753, -0.4346995, 1.288885
1417308879932, 0.001229696, -0.4347186, 1.287324
1417308879966, 0.001624605, -0.4346934, 1.286074
1417308879998, 0.002238569, -0.4345724, 1.284313
1417308880031, 0.003279247, -0.4342611, 1.281161
1417308880064, 0.004817838, -0.4342737, 1.277152
1417308880099, 0.006912467, -0.4342873, 1.272527
1417308880132, 0.009739163, -0.4337719, 1.266875
1417308880165, 0.01210741, -0.4334258, 1.261076
1417308880200, 0.01481633, -0.4337184, 1.255557
1417308880231, 0.01882571, -0.4346688, 1.24698
1417308880264, 0.02139324, -0.4357202, 1.23804
1417308880304, 0.02264589, -0.4350586, 1.230639
1417308880333, 0.02596761, -0.4350513, 1.21904
1417308880365, 0.02665474, -0.434831, 1.208292
1417308880399, 0.02634021, -0.4340117, 1.19506
1417308880431, 0.02450538, -0.4326869, 1.183002
1417308880466, 0.02420945, -0.4323318, 1.168853
1417308880499, 0.02345102, -0.4327252, 1.154707
1417308880532, 0.02121118, -0.4336011, 1.13737
1417308880565, 0.01753797, -0.4357895, 1.120008
1417308880598, 0.01466124, -0.4369044, 1.099355
1417308880632, 0.008780091, -0.4375079, 1.075441
1417308880664, 0.003715326, -0.436214, 1.051052
1417308880699, -0.004489405, -0.4327218, 1.021523
1417308880732, -0.01503483, -0.4251594, 0.9881328
1417308880765, -0.02542984, -0.4165286, 0.9565294
1417308880800, -0.03338615, -0.405177, 0.9217824
1417308880832, -0.04566495, -0.3953329, 0.8846308
1417308880865, -0.05607697, -0.3880295, 0.8599063
1417308880899, -0.06857013, -0.3801385, 0.833643
1417308880933, -0.07592402, -0.3719234, 0.8101116
1417308880967, -0.08344354, -0.3637221, 0.7887574
1417308881002, -0.09037204, -0.3565668, 0.7694963
1417308881035, -0.09714067, -0.3514311, 0.7535693
1417308881067, -0.1072551, -0.3479591, 0.7381729
1417308881100, -0.1160597, -0.3437038, 0.7217754
1417308881134, -0.1227996, -0.3377242, 0.7048307
1417308881167, -0.1274176, -0.3280428, 0.6767814
1417308881202, -0.1399769, -0.3232719, 0.6643798
1417308881235, -0.1654169, -0.3354905, 0.6062209
1417308881267, -0.1692301, -0.3109805, 0.617202
1417308881300, -0.1776632, -0.3068231, 0.6242051
1417308881333, -0.1898215, -0.3105389, 0.6105881
1417308881366, -0.1966605, -0.3222991, 0.5758464
1417308881399, -0.2004276, -0.3143695, 0.5221177
1417308881431, -0.1967412, -0.2873271, 0.6118167
