timestamp  X  Y  Z  
1417308853529, -0.1304321, -0.4504906, 1.485644
1417308853560, -0.1260881, -0.451176, 1.502431
1417308853593, -0.1212242, -0.457881, 1.533749
1417308853628, -0.1150655, -0.4644238, 1.558699
1417308853660, -0.1071889, -0.4722668, 1.58449
1417308853694, -0.1000684, -0.483271, 1.615303
1417308853728, -0.09521131, -0.4910567, 1.643225
1417308853759, -0.0858775, -0.5026356, 1.684161
1417308853793, -0.0752731, -0.513921, 1.718114
1417308853826, -0.0638094, -0.5280874, 1.764232
1417308853859, -0.05214915, -0.5284114, 1.794631
1417308853893, -0.04258943, -0.5375819, 1.842618
1417308853927, -0.0375136, -0.5415433, 1.869753
1417308853959, -0.02815096, -0.5421229, 1.913071
1417308853994, -0.02160303, -0.5407148, 1.936203
1417308854026, -0.0137248, -0.5348549, 1.968899
1417308854059, -0.009514336, -0.5295729, 1.996277
1417308854094, -0.007938741, -0.5234665, 2.021139
1417308854126, -0.006767472, -0.5209691, 2.040021
1417308854159, -0.003594448, -0.5231223, 2.062815
1417308854194, -0.000218205, -0.5293677, 2.086785
1417308854226, -0.0007599769, -0.5356264, 2.110935
1417308854259, -0.0002822722, -0.5420108, 2.135572
1417308854293, -0.003941492, -0.5487198, 2.171941
1417308854326, -0.005829728, -0.5570831, 2.202644
1417308854360, -0.009825131, -0.5676697, 2.242369
1417308854392, -0.01623435, -0.5782359, 2.281478
1417308854426, -0.02123988, -0.593205, 2.328908
1417308854460, -0.02552563, -0.6037911, 2.360383
1417308854493, -0.02850089, -0.6143887, 2.399724
1417308854526, -0.03098108, -0.619473, 2.428012
1417308854560, -0.03500594, -0.6191528, 2.456305
1417308854592, -0.0383543, -0.6134566, 2.486692
1417308854626, -0.04096222, -0.6101063, 2.512089
1417308854660, -0.04232512, -0.6153125, 2.537929
1417308854693, -0.03759309, -0.6198395, 2.564211
1417308854726, -0.03494796, -0.6284263, 2.58545
1417308854759, -0.03447517, -0.6358844, 2.608095
1417308854793, -0.03527457, -0.6439279, 2.628665
1417308854827, -0.0389701, -0.6526866, 2.654705
1417308854860, -0.04127217, -0.6614323, 2.678707
1417308854894, -0.0436101, -0.6719946, 2.706556
1417308854927, -0.0467188, -0.6819511, 2.739435
1417308854959, -0.04462156, -0.6887148, 2.773341
1417308854993, -0.04031649, -0.7025474, 2.808239
1417308855026, -0.03805368, -0.7162371, 2.840739
1417308855059, -0.03676546, -0.7302245, 2.878693
1417308855094, -0.03404904, -0.7393202, 2.912033
1417308855126, -0.03582034, -0.7448202, 2.946193
1417308855158, -0.03795099, -0.7431147, 2.969251
1417308855191, -0.04161761, -0.7391151, 2.999927
1417308855226, -0.04001982, -0.7363334, 3.014475
1417308855259, -0.03381404, -0.7336469, 3.043317
1417308855293, -0.03420043, -0.7352112, 3.059344
1417308855326, -0.03708755, -0.7397763, 3.07739
1417308855360, -0.03911394, -0.7419574, 3.095405
1417308855393, -0.03896981, -0.7461692, 3.113434
1417308855426, -0.04373457, -0.7493668, 3.132324
1417308855458, -0.04688105, -0.7543477, 3.154978
1417308855492, -0.05293687, -0.7600679, 3.180594
1417308855524, -0.05890949, -0.766111, 3.202958
1417308855559, -0.0652307, -0.776756, 3.228693
1417308855593, -0.07175002, -0.7854583, 3.259805
1417308855626, -0.07581962, -0.7929465, 3.281209
1417308855658, -0.07755707, -0.8082728, 3.31333
1417308855693, -0.07901683, -0.81467, 3.332245
1417308855726, -0.09025019, -0.8333216, 3.378382
1417308855759, -0.08984748, -0.8386856, 3.39528
1417308855794, -0.0934021, -0.8488953, 3.423654
1417308855826, -0.09413849, -0.8528898, 3.444015
1417308855858, -0.09602203, -0.8503102, 3.464798
1417308855892, -0.09564556, -0.8535021, 3.48047
1417308855926, -0.09651327, -0.8521829, 3.490907
1417308855957, -0.09540725, -0.851432, 3.500721
1417308855993, -0.09439034, -0.8542594, 3.511131
1417308856026, -0.09129521, -0.8569773, 3.523606
1417308856058, -0.09341641, -0.854259, 3.532084
1417308856092, -0.09206956, -0.8599201, 3.542383
1417308856126, -0.0906518, -0.8608974, 3.548427
1417308856157, -0.08767811, -0.8643069, 3.558574
1417308856191, -0.09369847, -0.8593202, 3.571414
1417308856226, -0.09215155, -0.8640505, 3.578596
1417308856257, -0.08744487, -0.863087, 3.591442
1417308856292, -0.07851554, -0.8574906, 3.60411
1417308856325, -0.0735998, -0.8535116, 3.612725
1417308856357, -0.07051418, -0.8499117, 3.624853
1417308856391, -0.06607073, -0.8419228, 3.64212
1417308856426, -0.06200129, -0.8407743, 3.655813
1417308856459, -0.05687682, -0.8401116, 3.673637
1417308856492, -0.05297653, -0.8396078, 3.694026
1417308856526, -0.04866063, -0.842209, 3.715626
1417308856558, -0.04498098, -0.851035, 3.738468
1417308856592, -0.04274311, -0.8604462, 3.75988
1417308856626, -0.03853692, -0.868109, 3.783348
1417308856658, -0.0341248, -0.8711699, 3.801584
1417308856692, -0.03031969, -0.8697273, 3.820682
1417308856727, -0.02773999, -0.8672767, 3.834157
1417308856758, -0.02667374, -0.8637227, 3.849136
1417308856793, -0.02604569, -0.858639, 3.862125
1417308856826, -0.02691968, -0.8558328, 3.873377
1417308856860, -0.02662152, -0.8552818, 3.88406
1417308856892, -0.0270682, -0.8555059, 3.892713
1417308856924, -0.02708423, -0.8566011, 3.902708
1417308856960, -0.02504922, -0.8580985, 3.909366
1417308856994, -0.02561312, -0.8606749, 3.923
1417308857025, -0.02705453, -0.8603103, 3.932757
1417308857058, -0.02758168, -0.8622702, 3.938576
1417308857091, -0.02934899, -0.8645402, 3.950626
1417308857126, -0.03286714, -0.8670647, 3.965896
1417308857157, -0.03697172, -0.8703115, 3.979156
1417308857193, -0.03952659, -0.8743195, 3.993846
1417308857225, -0.04125263, -0.8772783, 4.00682
1417308857258, -0.04826406, -0.8817225, 4.032305
1417308857294, -0.04845793, -0.8882681, 4.049307
1417308857326, -0.05342498, -0.8932906, 4.069477
1417308857359, -0.05470454, -0.8976423, 4.090714
1417308857391, -0.05665898, -0.9064453, 4.108526
1417308857424, -0.05815617, -0.9151983, 4.130517
1417308857458, -0.05685063, -0.916915, 4.14522
1417308857492, -0.0556971, -0.9173089, 4.156398
1417308857525, -0.05402307, -0.9180571, 4.167967
1417308857557, -0.05268391, -0.9210407, 4.18048
1417308857592, -0.05132223, -0.9244909, 4.187273
1417308857625, -0.05057332, -0.9272091, 4.198316
1417308857658, -0.05006752, -0.9308517, 4.202528
1417308857692, -0.05082174, -0.9364963, 4.209832
1417308857725, -0.04890489, -0.9381102, 4.212601
1417308857758, -0.04656212, -0.9398168, 4.22083
1417308857792, -0.04448995, -0.9420152, 4.225772
1417308857825, -0.04229899, -0.9423348, 4.231415
1417308857858, -0.03843536, -0.945407, 4.239722
1417308857892, -0.03648914, -0.9457153, 4.250095
1417308857926, -0.03419007, -0.9458052, 4.255039
1417308857957, -0.03166644, -0.9482862, 4.265066
1417308857993, -0.02931904, -0.9498139, 4.271618
1417308858025, -0.02699933, -0.9523433, 4.280778
1417308858058, -0.02165131, -0.9566029, 4.291512
1417308858091, -0.01664996, -0.9611261, 4.307787
1417308858127, -0.01390303, -0.9612631, 4.313802
1417308858158, -0.01189445, -0.958477, 4.319246
1417308858191, -0.008008425, -0.9545147, 4.331636
1417308858225, -0.007767946, -0.9501857, 4.338841
1417308858257, -0.00513299, -0.9466198, 4.344029
1417308858291, -0.004551996, -0.9421919, 4.349762
1417308858324, -0.003944381, -0.9378667, 4.352229
1417308858357, -0.003556642, -0.9357965, 4.353538
1417308858391, -0.003170238, -0.9343939, 4.354822
1417308858425, -0.002555432, -0.9308994, 4.35605
1417308858457, -0.001647125, -0.9270859, 4.356695
1417308858492, -0.001672642, -0.9269583, 4.35739
1417308858525, -0.00169672, -0.9269017, 4.357554
1417308858557, -0.001939061, -0.9268073, 4.357607
1417308858591, -0.002218921, -0.9268024, 4.358371
1417308858625, -0.006279826, -0.9264793, 4.361531
1417308858658, -0.01019795, -0.9233839, 4.364612
1417308858692, -0.01258999, -0.9224198, 4.366654
1417308858724, -0.01564513, -0.9215354, 4.372372
1417308858757, -0.0175194, -0.9200463, 4.375123
1417308858792, -0.01913315, -0.9200345, 4.378014
1417308858825, -0.02046995, -0.9193261, 4.380433
1417308858858, -0.02166715, -0.9189066, 4.381662
1417308858892, -0.02292169, -0.9184965, 4.383874
1417308858926, -0.02481382, -0.9179826, 4.385778
1417308858958, -0.02513821, -0.9180892, 4.386042
1417308858991, -0.02526775, -0.9172056, 4.386595
1417308859025, -0.02546564, -0.9173521, 4.386919
1417308859057, -0.02568697, -0.9172418, 4.386888
1417308859092, -0.02577125, -0.9175025, 4.386881
1417308859126, -0.02571038, -0.917448, 4.386786
1417308859157, -0.02494502, -0.9177447, 4.386338
1417308859191, -0.02421868, -0.9187368, 4.385497
1417308859224, -0.02028896, -0.920045, 4.384833
1417308859258, -0.01666243, -0.9215896, 4.383781
1417308859291, -0.01429043, -0.9217284, 4.382241
1417308859325, -0.01327947, -0.9224505, 4.381059
1417308859358, -0.01112827, -0.9223351, 4.378729
1417308859392, -0.009698131, -0.9222889, 4.3775
1417308859426, -0.008429549, -0.922307, 4.376151
1417308859460, -0.008234863, -0.9222835, 4.376095
1417308859491, -0.006515359, -0.9218932, 4.373825
1417308859525, -0.006515396, -0.9219463, 4.373104
1417308859557, -0.005106847, -0.922428, 4.372344
1417308859591, -0.003503592, -0.9228217, 4.370129
1417308859625, -0.001909985, -0.9227629, 4.369002
1417308859658, -0.0001300673, -0.9222528, 4.368268
1417308859691, 0.001137697, -0.9222041, 4.367252
1417308859726, 0.00259111, -0.9226353, 4.366801
1417308859759, 0.004295504, -0.9224804, 4.366008
1417308859792, 0.006144532, -0.92186, 4.365883
1417308859826, 0.007353344, -0.9213237, 4.365489
1417308859858, 0.008177049, -0.9206397, 4.365659
1417308859892, 0.0100806, -0.919837, 4.365534
1417308859924, 0.01037613, -0.9202264, 4.366107
1417308859959, 0.01104344, -0.9199221, 4.366523
1417308859991, 0.01144595, -0.9181148, 4.365994
1417308860025, 0.01194342, -0.9172239, 4.366893
1417308860057, 0.01218729, -0.9172205, 4.367328
1417308860091, 0.01293612, -0.917497, 4.36829
1417308860125, 0.01202454, -0.9167142, 4.368673
1417308860157, 0.01162566, -0.9165684, 4.369864
1417308860192, 0.01146222, -0.9161051, 4.370759
1417308860226, 0.01116847, -0.9162577, 4.371488
1417308860257, 0.01095175, -0.9161558, 4.371881
1417308860293, 0.01117068, -0.916183, 4.37267
1417308860324, 0.01160352, -0.9166729, 4.373726
1417308860357, 0.01224027, -0.9169068, 4.37402
1417308860392, 0.01239766, -0.9167761, 4.374536
1417308860426, 0.01242163, -0.9168255, 4.374664
1417308860457, 0.01294677, -0.916982, 4.375216
1417308860492, 0.01309844, -0.9169596, 4.375537
1417308860525, 0.01321529, -0.9167302, 4.376112
1417308860558, 0.01316524, -0.9167411, 4.37641
1417308860591, 0.01350994, -0.9170043, 4.376824
1417308860625, 0.01406902, -0.9166251, 4.377401
1417308860657, 0.01413634, -0.9163194, 4.378142
1417308860691, 0.01445835, -0.9163095, 4.378267
1417308860725, 0.01483537, -0.9161962, 4.378906
1417308860758, 0.01528522, -0.9157867, 4.380281
1417308860792, 0.01530061, -0.9158133, 4.380314
1417308860826, 0.01572132, -0.9159335, 4.380692
1417308860857, 0.01587146, -0.9160979, 4.38105
1417308860894, 0.01624095, -0.9157599, 4.381334
1417308860924, 0.01700315, -0.9157175, 4.381716
1417308860958, 0.01696771, -0.9161164, 4.381948
1417308860992, 0.01704039, -0.9159386, 4.381961
1417308861024, 0.0172354, -0.9158025, 4.382082
1417308861057, 0.01733156, -0.9158231, 4.382239
1417308861091, 0.01751278, -0.9156734, 4.382502
1417308861125, 0.01745166, -0.9155772, 4.382682
1417308861158, 0.01741648, -0.9155797, 4.38288
1417308861192, 0.0176303, -0.9154828, 4.383382
1417308861225, 0.01767547, -0.9152765, 4.384081
1417308861258, 0.01759779, -0.9151549, 4.384191
1417308861292, 0.01735348, -0.9152299, 4.384505
1417308861324, 0.01697985, -0.9152643, 4.384914
1417308861357, 0.01637748, -0.9155369, 4.385287
1417308861392, 0.01620612, -0.9154721, 4.385108
1417308861426, 0.01630406, -0.9153005, 4.38515
1417308861459, 0.01612832, -0.9155095, 4.384759
1417308861493, 0.01610277, -0.9155289, 4.384775
1417308861525, 0.01625198, -0.915256, 4.384365
1417308861558, 0.01613407, -0.9152153, 4.384181
1417308861591, 0.01611516, -0.9155551, 4.383902
1417308861625, 0.01609262, -0.9155632, 4.383402
1417308861658, 0.01601632, -0.9153813, 4.383036
1417308861693, 0.01591778, -0.9154276, 4.381575
1417308861725, 0.0158478, -0.9153151, 4.380164
1417308861757, 0.01619982, -0.9149352, 4.378054
1417308861792, 0.0160581, -0.9146796, 4.377518
1417308861825, 0.01589694, -0.9145961, 4.376768
1417308861858, 0.01595383, -0.9146015, 4.375804
1417308861892, 0.01566847, -0.9142547, 4.374377
1417308861926, 0.01545567, -0.9142599, 4.372758
1417308861959, 0.01576894, -0.9142998, 4.371014
1417308861992, 0.01593797, -0.9136535, 4.368474
1417308862025, 0.01562697, -0.9119747, 4.364947
1417308862058, 0.01550917, -0.9107917, 4.363768
1417308862091, 0.01583984, -0.9043813, 4.362141
1417308862125, 0.01566487, -0.9019375, 4.360805
1417308862159, 0.01649145, -0.8986152, 4.360064
1417308862192, 0.01724156, -0.8966447, 4.359793
1417308862226, 0.01749563, -0.8953496, 4.360631
1417308862258, 0.0173196, -0.8966397, 4.361833
1417308862291, 0.01822762, -0.9032126, 4.36431
1417308862326, 0.01848209, -0.9062502, 4.36611
1417308862358, 0.01874261, -0.9085658, 4.367672
1417308862393, 0.01871048, -0.9086034, 4.370168
1417308862425, 0.01941629, -0.9092763, 4.373492
1417308862458, 0.01908143, -0.9104245, 4.3759
1417308862493, 0.01929064, -0.9107108, 4.377632
1417308862526, 0.02022525, -0.9133943, 4.379516
1417308862557, 0.02027001, -0.9133844, 4.37964
1417308862591, 0.0204928, -0.9138978, 4.379802
1417308862626, 0.0205881, -0.9135814, 4.380197
1417308862658, 0.02136334, -0.9106284, 4.379528
1417308862692, 0.02171146, -0.910148, 4.379667
1417308862726, 0.02170626, -0.9072568, 4.378856
1417308862759, 0.02176912, -0.9053673, 4.379371
1417308862791, 0.02201247, -0.9025779, 4.379532
1417308862826, 0.0217751, -0.8999143, 4.380311
1417308862859, 0.02199408, -0.9001102, 4.38085
1417308862892, 0.0216218, -0.9040071, 4.383297
1417308862924, 0.02074426, -0.9158375, 4.387213
1417308862959, 0.02071472, -0.9162807, 4.387633
1417308862992, 0.02138214, -0.9166887, 4.389963
1417308863026, 0.02186927, -0.9163856, 4.393361
1417308863058, 0.02179258, -0.9162167, 4.394747
1417308863091, 0.02152727, -0.9176381, 4.396231
1417308863126, 0.02222737, -0.9184849, 4.397307
1417308863157, 0.02233573, -0.9188213, 4.398063
1417308863193, 0.02239139, -0.9188643, 4.398158
1417308863226, 0.02263579, -0.9188517, 4.398193
1417308863259, 0.02272242, -0.9188233, 4.398281
1417308863292, 0.02269171, -0.9184522, 4.398274
1417308863325, 0.02197074, -0.9169847, 4.397779
1417308863357, 0.02089427, -0.9126296, 4.396488
1417308863392, 0.01962248, -0.9079971, 4.396447
1417308863425, 0.02040287, -0.904327, 4.396752
1417308863458, 0.02033752, -0.9032665, 4.3976
1417308863491, 0.02030037, -0.9034113, 4.398348
1417308863526, 0.01970946, -0.9089274, 4.399499
1417308863558, 0.01977771, -0.9114887, 4.39998
1417308863592, 0.01914044, -0.9127862, 4.400523
1417308863625, 0.0189888, -0.9130259, 4.400634
1417308863658, 0.01843978, -0.9123542, 4.400995
1417308863692, 0.01870274, -0.9134085, 4.402445
1417308863726, 0.01855252, -0.9137864, 4.403258
1417308863759, 0.01784644, -0.9151214, 4.403587
1417308863792, 0.01768906, -0.9153301, 4.403895
1417308863826, 0.01745491, -0.9145454, 4.404092
1417308863857, 0.01741773, -0.9145631, 4.404145
1417308863893, 0.01735893, -0.9145849, 4.404355
1417308863926, 0.01730242, -0.9145538, 4.404328
1417308863959, 0.01722464, -0.9144684, 4.404301
1417308863991, 0.01710074, -0.9148118, 4.40439
1417308864025, 0.01693978, -0.9148145, 4.404274
1417308864057, 0.01695692, -0.9148811, 4.404245
1417308864091, 0.01690417, -0.9145555, 4.403967
1417308864125, 0.01698325, -0.914673, 4.403649
1417308864159, 0.01699173, -0.9144437, 4.40345
1417308864191, 0.01697656, -0.9142825, 4.403112
1417308864226, 0.01721843, -0.9141775, 4.402761
1417308864257, 0.01731192, -0.9157269, 4.4023
1417308864291, 0.0173219, -0.9157612, 4.402043
1417308864324, 0.01751788, -0.9154688, 4.401195
1417308864357, 0.01762018, -0.9161934, 4.400316
1417308864391, 0.01776981, -0.9156135, 4.400635
1417308864426, 0.01776696, -0.9158794, 4.400706
1417308864457, 0.01744655, -0.9163337, 4.400842
1417308864491, 0.01750823, -0.9162498, 4.400754
1417308864526, 0.01762575, -0.916387, 4.400668
1417308864559, 0.01763964, -0.9166232, 4.401087
1417308864592, 0.01768376, -0.9166327, 4.40108
1417308864626, 0.01748018, -0.916374, 4.400528
1417308864658, 0.01739276, -0.9162641, 4.400521
1417308864691, 0.01734857, -0.9162136, 4.400542
1417308864725, 0.01731871, -0.9161971, 4.400876
1417308864758, 0.0174123, -0.9158288, 4.40085
1417308864792, 0.01762037, -0.9154964, 4.400655
1417308864825, 0.01742378, -0.9152706, 4.400873
1417308864858, 0.0173797, -0.9151048, 4.401002
1417308864891, 0.01726126, -0.9149333, 4.401008
1417308864925, 0.01721693, -0.9149851, 4.401296
1417308864958, 0.01721805, -0.9148626, 4.401255
1417308864992, 0.01723072, -0.9149436, 4.401529
1417308865025, 0.01711735, -0.9149115, 4.401503
1417308865057, 0.01694642, -0.9149265, 4.4016
1417308865092, 0.01685129, -0.9148759, 4.40169
1417308865124, 0.01681164, -0.9148841, 4.401709
1417308865159, 0.01668526, -0.9148164, 4.401753
1417308865192, 0.01621011, -0.914777, 4.402186
1417308865226, 0.01623559, -0.9147745, 4.402308
1417308865257, 0.01619143, -0.9148203, 4.402404
1417308865293, 0.01603512, -0.9149269, 4.402238
1417308865325, 0.01558871, -0.9153644, 4.402628
1417308865358, 0.01532354, -0.9150463, 4.402834
1417308865392, 0.01533886, -0.9152647, 4.40283
1417308865426, 0.01527453, -0.9152981, 4.40311
1417308865458, 0.01508261, -0.9153234, 4.403227
1417308865492, 0.0149832, -0.9154823, 4.403266
1417308865525, 0.0148466, -0.9154994, 4.403346
1417308865559, 0.01476141, -0.9152398, 4.403276
1417308865591, 0.01486428, -0.9152338, 4.403355
1417308865626, 0.01484525, -0.9155325, 4.403468
1417308865658, 0.01495958, -0.9164478, 4.403625
1417308865692, 0.01510241, -0.9165049, 4.403573
1417308865726, 0.0151288, -0.9163367, 4.403655
1417308865759, 0.01507948, -0.9163159, 4.403595
1417308865792, 0.01498681, -0.9166314, 4.404041
1417308865826, 0.01491168, -0.916636, 4.404141
1417308865857, 0.01479987, -0.9166078, 4.404072
1417308865891, 0.01483491, -0.9165318, 4.403825
1417308865925, 0.01474625, -0.9167696, 4.403964
1417308865959, 0.01457712, -0.9166131, 4.403705
1417308865992, 0.01454825, -0.9165905, 4.403746
1417308866025, 0.01451595, -0.9165853, 4.403781
1417308866058, 0.01443189, -0.9167933, 4.403837
1417308866093, 0.01420935, -0.9169022, 4.403876
1417308866126, 0.01399736, -0.9166529, 4.403878
1417308866160, 0.01391269, -0.9166794, 4.403848
1417308866191, 0.01401723, -0.9168589, 4.403869
1417308866225, 0.01396045, -0.9167636, 4.403913
1417308866257, 0.01393373, -0.9165967, 4.403843
1417308866292, 0.01430785, -0.9171796, 4.40338
1417308866324, 0.01419903, -0.917102, 4.403222
1417308866359, 0.01376711, -0.9167873, 4.403336
1417308866391, 0.01373257, -0.9166297, 4.403334
1417308866425, 0.01371746, -0.9165923, 4.403309
1417308866457, 0.01369276, -0.9163801, 4.403275
1417308866492, 0.0136914, -0.9166029, 4.403376
1417308866525, 0.01368983, -0.9166164, 4.403364
1417308866559, 0.01390776, -0.9170175, 4.403097
1417308866592, 0.01402362, -0.9170675, 4.402956
1417308866626, 0.01423557, -0.9166135, 4.402082
1417308866658, 0.01424245, -0.9166079, 4.402091
1417308866692, 0.01425943, -0.9165969, 4.401926
1417308866725, 0.01478967, -0.9165013, 4.401326
1417308866759, 0.01492821, -0.9165493, 4.401164
1417308866792, 0.01493197, -0.916549, 4.401161
1417308866825, 0.01486652, -0.9167289, 4.400978
1417308866858, 0.01462514, -0.9173239, 4.400833
1417308866892, 0.01456601, -0.9174962, 4.400746
1417308866924, 0.01453189, -0.9172312, 4.400378
1417308866959, 0.01428395, -0.9180126, 4.399755
1417308866992, 0.01428099, -0.9180366, 4.399749
1417308867024, 0.01421892, -0.9181157, 4.399753
1417308867058, 0.01412833, -0.9181617, 4.399487
1417308867092, 0.0143495, -0.9186125, 4.3993
1417308867125, 0.014685, -0.9190577, 4.399121
1417308867159, 0.01493675, -0.9189205, 4.398289
1417308867191, 0.01493132, -0.9189144, 4.398283
1417308867226, 0.01492935, -0.9193974, 4.397919
1417308867258, 0.01502433, -0.9190984, 4.397633
1417308867292, 0.0150765, -0.9189871, 4.397594
1417308867325, 0.01472603, -0.9190625, 4.397166
1417308867359, 0.01467085, -0.9189476, 4.397108
1417308867393, 0.01449579, -0.9186084, 4.397066
1417308867426, 0.01454873, -0.9190319, 4.395186
1417308867458, 0.01440782, -0.9185124, 4.394584
1417308867491, 0.01443421, -0.9188781, 4.394344
1417308867525, 0.01443331, -0.9193078, 4.393757
1417308867559, 0.01454955, -0.9191709, 4.39343
1417308867592, 0.01427552, -0.9190551, 4.392457
1417308867626, 0.01434431, -0.9189543, 4.391814
1417308867657, 0.01459736, -0.9189442, 4.391426
1417308867692, 0.01502288, -0.9187369, 4.39078
1417308867725, 0.01585395, -0.9183155, 4.389478
1417308867760, 0.01785624, -0.9185009, 4.385025
1417308867793, 0.02074242, -0.9175692, 4.382007
1417308867826, 0.02385337, -0.9178804, 4.378688
1417308867859, 0.0279875, -0.9185424, 4.372668
1417308867892, 0.03062194, -0.9181238, 4.369664
1417308867925, 0.03838808, -0.9161024, 4.360437
1417308867968, 0.04276074, -0.9162699, 4.357809
1417308867993, 0.05282447, -0.9167164, 4.352608
1417308868026, 0.0574015, -0.9176328, 4.347936
1417308868057, 0.06238385, -0.9179829, 4.342457
1417308868092, 0.06739613, -0.9198287, 4.337566
1417308868124, 0.0723028, -0.9208554, 4.33162
1417308868159, 0.07509141, -0.9198452, 4.325094
1417308868192, 0.07665388, -0.9187438, 4.313053
1417308868225, 0.07841933, -0.9218983, 4.298532
1417308868258, 0.07672821, -0.9233143, 4.288899
1417308868292, 0.07537711, -0.9239019, 4.274453
1417308868325, 0.0737744, -0.9292424, 4.257349
1417308868359, 0.07229055, -0.9289641, 4.233389
1417308868392, 0.06912398, -0.9321432, 4.209848
1417308868425, 0.06805559, -0.9332926, 4.17541
1417308868457, 0.06759004, -0.9313118, 4.152325
1417308868492, 0.06400418, -0.9284146, 4.117529
1417308868524, 0.05542017, -0.9172546, 4.081773
1417308868560, 0.05387159, -0.9047655, 4.04144
1417308868591, 0.045331, -0.8934906, 4.013387
1417308868624, 0.03601493, -0.8755287, 3.967209
1417308868657, 0.03282576, -0.8675352, 3.942361
1417308868692, 0.02894691, -0.8603287, 3.909541
1417308868724, 0.02498102, -0.8533086, 3.87392
1417308868759, 0.02095177, -0.8478409, 3.853313
1417308868792, 0.01989281, -0.8400098, 3.816476
1417308868825, 0.01689872, -0.8357486, 3.787428
1417308868859, 0.0168742, -0.8325186, 3.757739
1417308868893, 0.01415257, -0.829807, 3.7293
1417308868926, 0.01272008, -0.8355123, 3.698828
1417308868960, 0.0123116, -0.833765, 3.664685
1417308868991, 0.005880403, -0.8423854, 3.631596
1417308869026, 0.009158549, -0.8410854, 3.581989
1417308869058, 0.00484612, -0.8332251, 3.535256
1417308869093, 0.0031635, -0.8299057, 3.487336
1417308869126, 0.005328235, -0.8099158, 3.439774
1417308869158, 0.007797381, -0.798018, 3.398578
1417308869194, 0.01804747, -0.7833153, 3.350745
1417308869226, 0.01863571, -0.776049, 3.320287
1417308869259, 0.01718634, -0.7644995, 3.275284
1417308869291, 0.0175666, -0.7578541, 3.248499
1417308869326, 0.01268191, -0.7496691, 3.204229
1417308869359, 0.0142845, -0.7463849, 3.174831
1417308869391, 0.01132924, -0.7432177, 3.135718
1417308869426, 0.01061607, -0.7409959, 3.104703
1417308869457, 0.006022144, -0.7403537, 3.061187
1417308869491, 8.897092E-05, -0.7400365, 3.028487
1417308869526, -0.005873341, -0.7387333, 2.987125
1417308869559, -0.006376442, -0.7354473, 2.940655
1417308869593, -0.01198304, -0.7253779, 2.896907
1417308869624, -0.01323616, -0.7165731, 2.84923
1417308869657, -0.019723, -0.7017453, 2.808149
1417308869693, -0.02508237, -0.689419, 2.763528
1417308869727, -0.03141794, -0.6812767, 2.736545
1417308869759, -0.03877769, -0.6646383, 2.690698
1417308869791, -0.04381685, -0.6582005, 2.667234
1417308869826, -0.04415336, -0.6447707, 2.625553
1417308869859, -0.04691535, -0.6391761, 2.601976
1417308869893, -0.04697824, -0.6312494, 2.566063
1417308869927, -0.04456101, -0.6279919, 2.534506
1417308869959, -0.04606576, -0.6276014, 2.50006
1417308869993, -0.0465348, -0.6266254, 2.463259
1417308870027, -0.04797541, -0.6294281, 2.425913
1417308870059, -0.04899829, -0.6307963, 2.3879
1417308870092, -0.05130057, -0.6269878, 2.336203
1417308870127, -0.04668069, -0.6218144, 2.292869
1417308870159, -0.04520278, -0.6115712, 2.24254
1417308870193, -0.042681, -0.6021796, 2.206951
1417308870226, -0.03745794, -0.5890363, 2.161974
1417308870259, -0.03640838, -0.581371, 2.132086
1417308870294, -0.03378925, -0.5720098, 2.095978
1417308870326, -0.03247491, -0.5613922, 2.065602
1417308870359, -0.03284296, -0.5524725, 2.031161
1417308870393, -0.03226035, -0.5461924, 1.998816
1417308870426, -0.02898751, -0.5419652, 1.967295
1417308870459, -0.02825502, -0.5408533, 1.934999
1417308870493, -0.02800656, -0.5398962, 1.902002
1417308870526, -0.02993844, -0.5405989, 1.863888
1417308870559, -0.03269713, -0.5446784, 1.830967
1417308870592, -0.0333393, -0.5447453, 1.791671
1417308870626, -0.0362262, -0.5436398, 1.758755
1417308870659, -0.03782595, -0.5384653, 1.708481
1417308870693, -0.03941336, -0.5313943, 1.67463
1417308870726, -0.04138879, -0.5203888, 1.62815
1417308870760, -0.04529373, -0.5138873, 1.603389
1417308870793, -0.05022329, -0.5034525, 1.567007
1417308870827, -0.05838267, -0.4978817, 1.54806
1417308870860, -0.07149847, -0.491268, 1.528449
1417308870894, -0.07591879, -0.4817141, 1.507176
1417308870926, -0.07569844, -0.4755172, 1.493805
1417308870960, -0.07683481, -0.4713377, 1.481827
1417308870994, -0.07613587, -0.4667458, 1.468914
1417308871026, -0.07456917, -0.4629525, 1.457901
1417308871060, -0.07434855, -0.4603361, 1.449484
1417308871094, -0.07323846, -0.4582649, 1.439612
1417308871128, -0.07191055, -0.4567117, 1.430293
1417308871161, -0.07084624, -0.4555638, 1.422391
1417308871194, -0.0701703, -0.4549387, 1.416042
1417308871250, -0.06908111, -0.4537525, 1.408661
1417308871261, -0.06879331, -0.4532217, 1.403429
1417308871294, -0.06872196, -0.4527771, 1.397792
1417308871327, -0.06929422, -0.4521901, 1.392911
1417308871360, -0.07026893, -0.4518175, 1.388724
1417308871394, -0.07148014, -0.4518878, 1.384692
1417308871427, -0.07219865, -0.4516099, 1.381023
1417308871460, -0.0725193, -0.4514542, 1.377133
1417308871494, -0.07228238, -0.4512199, 1.373985
1417308871527, -0.07252109, -0.4509128, 1.370715
1417308871560, -0.07204562, -0.4505011, 1.36781
1417308871593, -0.07144278, -0.4500203, 1.365075
1417308871627, -0.07105498, -0.4496303, 1.363321
1417308871660, -0.07052807, -0.4492327, 1.361621
1417308871694, -0.07025417, -0.4488178, 1.360262
1417308871726, -0.06986862, -0.4483614, 1.358947
1417308871760, -0.06993022, -0.4480861, 1.357772
1417308871793, -0.07011097, -0.4478475, 1.356532
1417308871826, -0.07013404, -0.4475805, 1.355493
1417308871859, -0.06985227, -0.4473127, 1.354423
1417308871893, -0.06925278, -0.4471062, 1.352807
1417308871927, -0.06910608, -0.4469416, 1.352073
1417308871961, -0.0688331, -0.4468741, 1.351284
1417308871994, -0.06862697, -0.446794, 1.350356
1417308872026, -0.06819955, -0.4466411, 1.349169
1417308872060, -0.06815358, -0.4465504, 1.348401
1417308872094, -0.06822632, -0.4465244, 1.347308
1417308872126, -0.068195, -0.4464517, 1.346474
1417308872161, -0.06834878, -0.4464004, 1.345612
1417308872193, -0.06847998, -0.446364, 1.344842
1417308872227, -0.06862846, -0.4463822, 1.344229
1417308872259, -0.06878394, -0.4464271, 1.343737
1417308872295, -0.06903189, -0.446476, 1.343029
1417308872328, -0.06924035, -0.446435, 1.342524
1417308872360, -0.06930533, -0.4464622, 1.342216
1417308872395, -0.06927519, -0.4464047, 1.341703
1417308872427, -0.06926891, -0.4464531, 1.341353
1417308872460, -0.06920473, -0.446424, 1.340912
1417308872493, -0.06916671, -0.4464314, 1.340518
1417308872527, -0.0691379, -0.4464786, 1.340349
1417308872559, -0.06910016, -0.4465044, 1.340234
1417308872596, -0.06921747, -0.4465407, 1.340117
1417308872628, -0.06927368, -0.4465488, 1.340056
1417308872659, -0.06920746, -0.4465315, 1.339905
1417308872694, -0.06915374, -0.446537, 1.339782
1417308872727, -0.06913698, -0.4465244, 1.339716
1417308872761, -0.06923926, -0.4465049, 1.33968
1417308872795, -0.06940521, -0.4464892, 1.339586
1417308872827, -0.06939547, -0.4464448, 1.339512
1417308872860, -0.06960087, -0.4464854, 1.339491
1417308872895, -0.06969835, -0.4465151, 1.339383
1417308872927, -0.06975823, -0.4465249, 1.339351
1417308872960, -0.06986754, -0.4464957, 1.339342
1417308872994, -0.06986099, -0.4464864, 1.339333
1417308873028, -0.06985775, -0.446484, 1.339333
1417308873059, -0.07000331, -0.4464681, 1.339314
1417308873094, -0.07010823, -0.4464643, 1.339236
1417308873126, -0.07019683, -0.446444, 1.339244
1417308873160, -0.07026278, -0.4464626, 1.339229
1417308873213, -0.07038763, -0.4464466, 1.33921
1417308873227, -0.07052573, -0.4464499, 1.339199
1417308873260, -0.07051542, -0.4464566, 1.339178
1417308873293, -0.07065463, -0.4464315, 1.339166
1417308873326, -0.07063057, -0.4464051, 1.339123
1417308873359, -0.07064128, -0.446401, 1.339084
1417308873393, -0.07071128, -0.4463758, 1.339039
1417308873426, -0.07073249, -0.4463518, 1.338973
1417308873460, -0.07078584, -0.4463419, 1.338912
1417308873495, -0.07087488, -0.4462793, 1.33881
1417308873527, -0.07097188, -0.4462912, 1.338701
1417308873560, -0.0710898, -0.4463115, 1.338552
1417308873594, -0.07100993, -0.4462791, 1.338376
1417308873627, -0.07117552, -0.4462644, 1.338145
1417308873660, -0.07135974, -0.4462689, 1.337797
1417308873694, -0.07146046, -0.4462976, 1.337334
1417308873727, -0.07132243, -0.4462107, 1.336797
1417308873759, -0.07157099, -0.4461778, 1.336123
1417308873793, -0.07174626, -0.4460977, 1.335285
1417308873827, -0.07205898, -0.4460381, 1.334231
1417308873859, -0.07217974, -0.4459046, 1.332609
1417308873894, -0.07230457, -0.4455033, 1.33014
1417308873927, -0.07250986, -0.4450747, 1.327175
1417308873959, -0.07137023, -0.4442807, 1.323408
1417308873993, -0.07147491, -0.4436655, 1.320715
1417308874028, -0.0714997, -0.4427646, 1.317649
1417308874059, -0.07170384, -0.4414419, 1.315346
1417308874094, -0.07143276, -0.4402457, 1.314354
1417308874127, -0.07138789, -0.4388286, 1.313717
1417308874160, -0.0711091, -0.4374482, 1.313709
1417308874195, -0.0708098, -0.4367086, 1.314072
1417308874227, -0.07040086, -0.4362871, 1.315098
1417308874259, -0.06878201, -0.4372116, 1.317531
1417308874294, -0.0685592, -0.4393269, 1.320131
1417308874326, -0.06762636, -0.4410695, 1.32298
1417308874359, -0.06690358, -0.4415754, 1.325511
1417308874395, -0.06637832, -0.4418388, 1.328372
1417308874427, -0.06667972, -0.4422096, 1.330647
1417308874460, -0.06641772, -0.4428014, 1.332308
1417308874493, -0.06640004, -0.4434806, 1.333894
1417308874527, -0.06633464, -0.4436763, 1.33465
1417308874560, -0.06624474, -0.4438674, 1.335417
1417308874594, -0.06612113, -0.4439662, 1.335827
1417308874626, -0.0660532, -0.4440247, 1.336001
1417308874659, -0.06600291, -0.4441062, 1.336001
1417308874693, -0.06594475, -0.4441409, 1.335884
1417308874726, -0.06618292, -0.4441531, 1.335462
1417308874759, -0.06643959, -0.4439824, 1.334146
1417308874794, -0.06636388, -0.4436856, 1.331579
1417308874826, -0.06616932, -0.4428339, 1.328401
1417308874859, -0.06387568, -0.4413543, 1.323222
1417308874892, -0.06366155, -0.4402811, 1.319633
1417308874927, -0.06400307, -0.4392045, 1.316324
1417308874959, -0.06393331, -0.4374408, 1.312946
1417308874994, -0.06401611, -0.4356867, 1.310636
1417308875026, -0.06385452, -0.4342259, 1.30914
1417308875059, -0.06404215, -0.4334642, 1.308768
1417308875094, -0.06390435, -0.4331788, 1.308665
1417308875127, -0.06393275, -0.4333435, 1.308794
1417308875160, -0.06483998, -0.4356648, 1.309533
1417308875194, -0.06533251, -0.436934, 1.310219
1417308875227, -0.06559126, -0.4372404, 1.311049
1417308875260, -0.06620931, -0.4376247, 1.312404
1417308875294, -0.06685258, -0.4379779, 1.313543
1417308875334, -0.06727763, -0.4384374, 1.31429
1417308875360, -0.06810857, -0.439034, 1.315017
1417308875394, -0.06832764, -0.4392099, 1.315323
1417308875426, -0.06856734, -0.4394316, 1.315572
1417308875459, -0.06875336, -0.4395426, 1.315779
1417308875493, -0.06876489, -0.4396021, 1.315786
1417308875526, -0.0687799, -0.4397063, 1.315734
1417308875559, -0.06881463, -0.4398614, 1.315441
1417308875594, -0.06835048, -0.4399511, 1.314647
1417308875626, -0.06793255, -0.4400332, 1.313324
1417308875659, -0.06769328, -0.4401211, 1.312095
1417308875693, -0.06711221, -0.4398316, 1.310429
1417308875726, -0.06646812, -0.4393628, 1.308997
1417308875760, -0.06670099, -0.4386006, 1.30801
1417308875794, -0.06660217, -0.4370185, 1.306976
1417308875827, -0.06662851, -0.4354551, 1.306865
1417308875859, -0.06628317, -0.4335923, 1.307335
1417308875893, -0.06603551, -0.432644, 1.308332
1417308875926, -0.06589206, -0.4325987, 1.309384
1417308875960, -0.06481216, -0.4356382, 1.312572
1417308875995, -0.06380945, -0.4389247, 1.315333
1417308876028, -0.06437533, -0.4398414, 1.316923
1417308876060, -0.0648658, -0.4401886, 1.318501
1417308876093, -0.06517775, -0.4400404, 1.320488
1417308876127, -0.06474398, -0.440583, 1.321516
1417308876160, -0.06456347, -0.4412124, 1.322281
1417308876194, -0.06521512, -0.4416009, 1.322952
1417308876227, -0.06533555, -0.4417946, 1.323311
1417308876259, -0.06527147, -0.4418748, 1.323499
1417308876294, -0.06523126, -0.441942, 1.323603
1417308876326, -0.06526856, -0.4419939, 1.323626
1417308876359, -0.06544183, -0.4420477, 1.323584
1417308876393, -0.06551852, -0.4421608, 1.323474
1417308876426, -0.0655455, -0.4422396, 1.3234
1417308876459, -0.06565186, -0.4423084, 1.323275
1417308876493, -0.06569736, -0.4424731, 1.323
1417308876526, -0.06563211, -0.4426057, 1.322735
1417308876560, -0.06572682, -0.4426612, 1.322501
1417308876593, -0.06571157, -0.4427522, 1.322086
1417308876628, -0.06572623, -0.4428351, 1.321742
1417308876660, -0.06573094, -0.4429091, 1.321399
1417308876695, -0.0658332, -0.4429636, 1.321094
1417308876727, -0.06598362, -0.4429859, 1.32091
1417308876760, -0.06588819, -0.4430322, 1.320604
1417308876794, -0.06590948, -0.4430996, 1.320325
1417308876827, -0.06591207, -0.4431114, 1.320056
1417308876860, -0.06591534, -0.4431834, 1.319812
1417308876894, -0.06602881, -0.4432017, 1.319626
1417308876926, -0.06623594, -0.4433867, 1.319378
1417308876960, -0.06632219, -0.4435503, 1.31911
1417308876994, -0.06658026, -0.4437377, 1.31898
1417308877027, -0.06683987, -0.4438601, 1.318877
1417308877059, -0.06750915, -0.4445148, 1.318812
1417308877094, -0.06780277, -0.4447272, 1.318918
1417308877127, -0.06801576, -0.4449865, 1.319022
1417308877159, -0.06824429, -0.4452104, 1.319255
1417308877194, -0.0683966, -0.4453697, 1.319551
1417308877226, -0.068616, -0.4456029, 1.320295
1417308877259, -0.06868128, -0.4458822, 1.320824
1417308877293, -0.06888769, -0.4461643, 1.32152
1417308877326, -0.06884387, -0.4462082, 1.322107
1417308877360, -0.0689517, -0.4463886, 1.322864
1417308877393, -0.06904736, -0.446294, 1.323503
1417308877427, -0.06923829, -0.4463367, 1.324095
1417308877459, -0.06935373, -0.4463782, 1.324475
1417308877493, -0.06939729, -0.4463202, 1.324685
1417308877527, -0.06950525, -0.4462371, 1.324962
1417308877558, -0.06959946, -0.4462002, 1.32504
1417308877593, -0.06968483, -0.4462193, 1.325088
1417308877627, -0.06999137, -0.4462466, 1.325113
1417308877659, -0.07024712, -0.4462412, 1.325051
1417308877694, -0.07045467, -0.4462439, 1.324924
1417308877727, -0.07086422, -0.4462467, 1.324633
1417308877760, -0.07150904, -0.4461033, 1.324265
1417308877794, -0.0719677, -0.4460219, 1.323954
1417308877826, -0.07254636, -0.4458939, 1.323673
1417308877859, -0.07312043, -0.4458341, 1.323418
1417308877894, -0.07346269, -0.4457527, 1.323236
1417308877927, -0.0740212, -0.4456381, 1.322912
1417308877959, -0.0742846, -0.4455648, 1.322769
1417308877994, -0.07449161, -0.4454095, 1.322669
1417308878026, -0.07456901, -0.4453568, 1.322592
1417308878059, -0.07464305, -0.4452502, 1.322518
1417308878093, -0.07466504, -0.4451462, 1.322477
1417308878126, -0.07464066, -0.4450921, 1.322474
1417308878160, -0.07463035, -0.4450858, 1.322454
1417308878193, -0.07462925, -0.4450479, 1.322466
1417308878227, -0.07462851, -0.4450496, 1.322482
1417308878259, -0.07459158, -0.4450129, 1.322484
1417308878294, -0.07458782, -0.4450051, 1.3225
1417308878326, -0.07453517, -0.4449934, 1.322546
1417308878359, -0.07449719, -0.4450108, 1.322582
1417308878393, -0.07445341, -0.4450205, 1.322618
1417308878427, -0.07442367, -0.445096, 1.322627
1417308878459, -0.07441413, -0.4451225, 1.322636
1417308878494, -0.07443896, -0.4451495, 1.32263
1417308878526, -0.07449671, -0.4451919, 1.322681
1417308878560, -0.07454011, -0.4452303, 1.322725
1417308878593, -0.07457408, -0.4452663, 1.322717
1417308878626, -0.07467869, -0.4453125, 1.32273
1417308878659, -0.07470427, -0.4453074, 1.322761
1417308878695, -0.07472797, -0.4453362, 1.322774
1417308878727, -0.07469896, -0.4453647, 1.322763
1417308878760, -0.07474771, -0.4454259, 1.32284
1417308878793, -0.07474983, -0.4454284, 1.322852
1417308878827, -0.07476172, -0.4454514, 1.322857
1417308878860, -0.0747991, -0.4455187, 1.322883
1417308878894, -0.07483321, -0.4455496, 1.322909
1417308878927, -0.07483713, -0.4455672, 1.322914
1417308878960, -0.07487428, -0.445591, 1.322986
1417308878994, -0.07489277, -0.4456214, 1.323038
1417308879027, -0.07492273, -0.4456943, 1.323097
1417308879058, -0.07491706, -0.4456688, 1.323176
1417308879094, -0.07492597, -0.4457067, 1.323208
1417308879127, -0.07493684, -0.4458093, 1.323165
1417308879160, -0.07495779, -0.4458467, 1.323222
1417308879198, -0.07498267, -0.4458592, 1.323279
1417308879227, -0.07496431, -0.4458689, 1.323305
1417308879259, -0.07496108, -0.4458732, 1.323317
1417308879294, -0.07496282, -0.445884, 1.323327
1417308879326, -0.07491805, -0.4458936, 1.3234
1417308879360, -0.07489299, -0.4459253, 1.323408
1417308879393, -0.0749778, -0.4459926, 1.323527
1417308879428, -0.07506695, -0.4460199, 1.323604
1417308879460, -0.07506831, -0.4460342, 1.323678
1417308879494, -0.07504527, -0.4459842, 1.323767
1417308879527, -0.07502496, -0.4459829, 1.323842
1417308879560, -0.07497698, -0.4460439, 1.323879
1417308879593, -0.07499021, -0.4460715, 1.323914
1417308879626, -0.07498822, -0.446126, 1.324065
1417308879659, -0.0749658, -0.4461945, 1.324108
1417308879693, -0.07487728, -0.4462516, 1.324175
1417308879727, -0.07482646, -0.4462958, 1.32419
1417308879760, -0.07470606, -0.4463704, 1.324225
1417308879793, -0.07458717, -0.4464321, 1.324141
1417308879826, -0.07455987, -0.4464858, 1.324072
1417308879860, -0.07417994, -0.4465671, 1.323627
1417308879893, -0.07406078, -0.4465651, 1.323399
1417308879926, -0.07352977, -0.4466141, 1.322381
1417308879960, -0.07305434, -0.446584, 1.321187
1417308879994, -0.07237554, -0.4464348, 1.319467
1417308880027, -0.07121615, -0.4461159, 1.316383
1417308880060, -0.0696459, -0.4462097, 1.312641
1417308880093, -0.06750084, -0.4462936, 1.308452
1417308880126, -0.06464691, -0.4459219, 1.303381
1417308880160, -0.06226032, -0.4455495, 1.297994
1417308880195, -0.05949407, -0.445476, 1.292193
1417308880227, -0.05595204, -0.4459324, 1.284688
1417308880259, -0.05349099, -0.4467005, 1.276114
1417308880294, -0.05160697, -0.44567, 1.268448
1417308880326, -0.04884761, -0.445417, 1.257789
1417308880359, -0.0484108, -0.4451162, 1.24817
1417308880394, -0.04894107, -0.4444164, 1.235754
1417308880426, -0.05075902, -0.4430825, 1.224794
1417308880459, -0.05014468, -0.44346, 1.211404
1417308880494, -0.05066169, -0.4446235, 1.19657
1417308880527, -0.05279073, -0.4463205, 1.179164
1417308880560, -0.05656862, -0.4492964, 1.161049
1417308880594, -0.0596384, -0.4511771, 1.14009
1417308880628, -0.06582966, -0.4530334, 1.1156
1417308880659, -0.07141466, -0.4527675, 1.090801
1417308880695, -0.07984062, -0.4507291, 1.061853
1417308880727, -0.09171887, -0.4432313, 1.026823
1417308880760, -0.103174, -0.4348232, 0.9943899
1417308880795, -0.11297, -0.4241711, 0.9606348
1417308880827, -0.1266632, -0.4152288, 0.9281586
1417308880861, -0.1397592, -0.4076641, 0.9030903
1417308880895, -0.1536914, -0.3995428, 0.8784378
1417308880928, -0.1634319, -0.3909477, 0.8540471
1417308880962, -0.1725055, -0.3828868, 0.8329022
1417308880997, -0.1813253, -0.37546, 0.8127142
1417308881030, -0.1904073, -0.3696219, 0.7937058
1417308881062, -0.202711, -0.3657399, 0.7768868
1417308881095, -0.2117905, -0.3626829, 0.7618088
1417308881129, -0.2176232, -0.3599546, 0.7456875
1417308881162, -0.219785, -0.3551439, 0.722972
1417308881196, -0.2340564, -0.3490798, 0.7062142
1417308881229, -0.2481177, -0.3593351, 0.6858876
1417308881262, -0.2524452, -0.3372917, 0.6663212
1417308881295, -0.2610193, -0.3361433, 0.6568773
1417308881327, -0.2746551, -0.3429846, 0.6332359
1417308881360, -0.2723525, -0.3515955, 0.606442
1417308881394, -0.2737659, -0.3385236, 0.5991908
1417308881426, -0.2724163, -0.3125952, 0.5975584
