timestamp  X  Y  Z  
1417135753397, 0.1672185, -0.3750534, 1.40768
1417135753430, 0.1610185, -0.3742615, 1.446621
1417135753462, 0.1554988, -0.3706164, 1.489585
1417135753495, 0.1545222, -0.3665279, 1.524504
1417135753529, 0.1525427, -0.3618653, 1.559935
1417135753562, 0.1528448, -0.3552904, 1.598512
1417135753595, 0.152688, -0.3526564, 1.633357
1417135753629, 0.154201, -0.3526077, 1.675251
1417135753660, 0.1551901, -0.357669, 1.707269
1417135753695, 0.14425, -0.3658836, 1.744791
1417135753729, 0.1397887, -0.3732939, 1.783757
1417135753761, 0.1319975, -0.3793955, 1.825552
1417135753794, 0.1275676, -0.3884623, 1.867858
1417135753828, 0.1240396, -0.4002645, 1.918704
1417135753862, 0.1218799, -0.4129491, 1.970115
1417135753894, 0.1214873, -0.4245883, 2.019793
1417135753929, 0.1204699, -0.4288931, 2.068578
1417135753961, 0.1124041, -0.4310713, 2.118649
1417135753994, 0.1112634, -0.4286924, 2.150313
1417135754029, 0.1101339, -0.4239447, 2.186159
1417135754061, 0.1069332, -0.4170783, 2.212669
1417135754094, 0.1015551, -0.4114488, 2.246238
1417135754129, 0.09940453, -0.4115957, 2.272015
1417135754161, 0.09761294, -0.4127717, 2.304307
1417135754192, 0.09506796, -0.4172416, 2.337031
1417135754228, 0.09121576, -0.4241348, 2.371249
1417135754261, 0.08375767, -0.4340968, 2.408697
1417135754295, 0.08307451, -0.4451956, 2.448416
1417135754328, 0.07684916, -0.4585228, 2.491267
1417135754361, 0.07255511, -0.4701886, 2.536237
1417135754395, 0.06864079, -0.4768243, 2.578871
1417135754429, 0.06482568, -0.4813415, 2.618469
1417135754461, 0.06071479, -0.4793243, 2.661339
1417135754494, 0.05919228, -0.4713468, 2.691989
1417135754528, 0.06047117, -0.460375, 2.720665
1417135754561, 0.05794481, -0.4492324, 2.756333
1417135754594, 0.05946688, -0.4433862, 2.778855
1417135754628, 0.05945434, -0.4386437, 2.809781
1417135754661, 0.05840263, -0.440421, 2.835169
1417135754694, 0.05965103, -0.4479107, 2.862697
1417135754729, 0.0621526, -0.4545602, 2.890847
1417135754761, 0.06100254, -0.4582082, 2.921519
1417135754823, 0.06154822, -0.4650224, 2.956301
1417135754829, 0.06494866, -0.4730863, 2.991786
1417135754859, 0.06863874, -0.482709, 3.030026
1417135754894, 0.07034343, -0.4895021, 3.063966
1417135754928, 0.07271797, -0.5035732, 3.111592
1417135754961, 0.07527661, -0.5174796, 3.14678
1417135754992, 0.0759441, -0.5286902, 3.183524
1417135755028, 0.08151862, -0.5417776, 3.237935
1417135755059, 0.08254469, -0.5493424, 3.281344
1417135755092, 0.08142862, -0.5456176, 3.300254
1417135755125, 0.08445869, -0.5371523, 3.341854
1417135755159, 0.08421218, -0.5337201, 3.374015
1417135755193, 0.08643283, -0.5305313, 3.407478
1417135755228, 0.08354463, -0.5292207, 3.430446
1417135755261, 0.07979818, -0.5333673, 3.454713
1417135755292, 0.07380775, -0.5394557, 3.478879
1417135755326, 0.07293619, -0.5430549, 3.501518
1417135755359, 0.07271424, -0.5454053, 3.530513
1417135755392, 0.0616454, -0.5743264, 3.572322
1417135755428, 0.05939955, -0.5785922, 3.594001
1417135755462, 0.0549095, -0.5900753, 3.642523
1417135755494, 0.05294346, -0.5911134, 3.664744
1417135755529, 0.05400859, -0.576854, 3.716238
1417135755559, 0.04989859, -0.5821645, 3.737928
1417135755594, 0.04245852, -0.6042744, 3.777777
1417135755626, 0.04325025, -0.6060228, 3.800445
1417135755658, 0.04351872, -0.587, 3.830233
1417135755691, 0.04456154, -0.5853124, 3.84343
1417135755725, 0.0472086, -0.5862239, 3.873922
1417135755759, 0.04948139, -0.5811092, 3.89498
1417135755791, 0.05028141, -0.5792553, 3.91715
1417135755826, 0.0559718, -0.5806278, 3.938904
1417135755858, 0.05657556, -0.5798438, 3.951468
1417135755891, 0.05962993, -0.5770208, 3.972443
1417135755927, 0.06466905, -0.5765162, 3.991259
1417135755958, 0.06739751, -0.5744366, 4.006804
1417135755991, 0.07811673, -0.5769309, 4.038455
1417135756028, 0.08430796, -0.5753686, 4.051758
1417135756059, 0.09255418, -0.5757199, 4.075954
1417135756091, 0.1034448, -0.57522, 4.100651
1417135756126, 0.1121937, -0.5778164, 4.121525
1417135756159, 0.1223565, -0.5821857, 4.148834
1417135756191, 0.1355634, -0.583822, 4.182985
1417135756226, 0.1461076, -0.5912201, 4.203127
1417135756261, 0.1557213, -0.5951362, 4.226757
1417135756292, 0.1601014, -0.5951372, 4.243854
1417135756326, 0.163313, -0.5935705, 4.2553
1417135756358, 0.1665456, -0.5911583, 4.270546
1417135756391, 0.1694032, -0.5888191, 4.286736
1417135756428, 0.1703114, -0.587293, 4.302666
1417135756459, 0.1711359, -0.5871634, 4.313793
1417135756492, 0.1712615, -0.5857776, 4.324492
1417135756526, 0.1722409, -0.5874158, 4.330408
1417135756559, 0.1731163, -0.5916668, 4.343131
1417135756592, 0.17448, -0.5911326, 4.349856
1417135756626, 0.1752145, -0.590196, 4.353815
1417135756659, 0.1751036, -0.5871295, 4.358379
1417135756692, 0.1731487, -0.5865828, 4.363211
1417135756726, 0.1713931, -0.5856016, 4.36574
1417135756759, 0.1693298, -0.5859323, 4.36864
1417135756792, 0.1669911, -0.5847948, 4.370142
1417135756827, 0.1641405, -0.5833854, 4.372081
1417135756859, 0.1606194, -0.5820513, 4.373563
1417135756891, 0.1541538, -0.5770574, 4.375078
1417135756928, 0.151004, -0.574901, 4.374069
1417135756960, 0.1485081, -0.5743254, 4.373486
1417135756993, 0.146716, -0.5748764, 4.372214
1417135757028, 0.1439908, -0.5754539, 4.368685
1417135757060, 0.1411114, -0.5750469, 4.365658
1417135757092, 0.1378783, -0.5754762, 4.362864
1417135757126, 0.1348405, -0.5752769, 4.359064
1417135757159, 0.1331662, -0.5751107, 4.355439
1417135757192, 0.1327922, -0.5740532, 4.351341
1417135757226, 0.1302154, -0.5726842, 4.345311
1417135757259, 0.1302969, -0.5719687, 4.339731
1417135757291, 0.1311895, -0.5714141, 4.331533
1417135757325, 0.1328796, -0.5720959, 4.32374
1417135757360, 0.135331, -0.5717657, 4.311336
1417135757391, 0.1368365, -0.571489, 4.298009
1417135757426, 0.1363341, -0.5713523, 4.286576
1417135757459, 0.1372173, -0.5710845, 4.269451
1417135757491, 0.1384712, -0.5708415, 4.255191
1417135757525, 0.1415425, -0.5704715, 4.236205
1417135757559, 0.1434155, -0.5709091, 4.221323
1417135757592, 0.1477411, -0.5705032, 4.200613
1417135757628, 0.1529984, -0.5673513, 4.184934
1417135757659, 0.1592152, -0.5633613, 4.170846
1417135757692, 0.164348, -0.5603043, 4.157214
1417135757728, 0.1672671, -0.5589469, 4.149539
1417135757759, 0.1703863, -0.5566475, 4.139072
1417135757792, 0.171862, -0.5556273, 4.133799
1417135757828, 0.1739816, -0.5553182, 4.12766
1417135757859, 0.1746473, -0.5548398, 4.122901
1417135757892, 0.1747301, -0.5559837, 4.11764
1417135757928, 0.1753437, -0.556721, 4.114861
1417135757959, 0.1759242, -0.5571354, 4.111704
1417135757992, 0.1771559, -0.5577544, 4.108048
1417135758027, 0.1790573, -0.5586762, 4.102633
1417135758059, 0.1798709, -0.5601537, 4.097887
1417135758094, 0.1809758, -0.5599893, 4.091009
1417135758125, 0.1802625, -0.5599113, 4.086093
1417135758159, 0.1809765, -0.5589645, 4.080733
1417135758194, 0.180099, -0.5589499, 4.074966
1417135758226, 0.1798146, -0.5578476, 4.070769
1417135758261, 0.1788651, -0.5548633, 4.064559
1417135758293, 0.1798466, -0.553381, 4.060874
1417135758325, 0.1799413, -0.551743, 4.057924
1417135758358, 0.1788957, -0.5512585, 4.053889
1417135758392, 0.1760528, -0.5497242, 4.050023
1417135758427, 0.1731672, -0.5485137, 4.046101
1417135758459, 0.1705863, -0.5483395, 4.043189
1417135758492, 0.1681345, -0.5483395, 4.041199
1417135758526, 0.1654843, -0.5480779, 4.038884
1417135758559, 0.1635383, -0.54783, 4.036893
1417135758592, 0.1617766, -0.547828, 4.035285
1417135758627, 0.1606693, -0.5474187, 4.033893
1417135758659, 0.160512, -0.5478747, 4.032121
1417135758691, 0.1593275, -0.547723, 4.030509
1417135758725, 0.158781, -0.5478308, 4.029209
1417135758759, 0.1577088, -0.5475031, 4.02734
1417135758792, 0.156188, -0.5476241, 4.025783
1417135758825, 0.1540699, -0.5481809, 4.024198
1417135758859, 0.1502109, -0.5481334, 4.021679
1417135758892, 0.1483166, -0.5485191, 4.020149
1417135758925, 0.1478785, -0.5485981, 4.018927
1417135758960, 0.1479172, -0.548888, 4.017412
1417135758992, 0.1476754, -0.5491044, 4.016004
1417135759028, 0.1478956, -0.5493951, 4.015238
1417135759059, 0.1477502, -0.5496094, 4.014667
1417135759091, 0.1479311, -0.5497469, 4.014349
1417135759126, 0.1480031, -0.5499188, 4.014104
1417135759159, 0.1480833, -0.550163, 4.013858
1417135759191, 0.148989, -0.5503935, 4.013139
1417135759228, 0.1501875, -0.5505157, 4.012801
1417135759258, 0.1510113, -0.5507336, 4.012805
1417135759292, 0.1510935, -0.5509743, 4.012731
1417135759326, 0.1513606, -0.5512578, 4.012611
1417135759359, 0.1515202, -0.5512798, 4.012371
1417135759392, 0.1519837, -0.5512462, 4.011415
1417135759426, 0.1518818, -0.5515131, 4.011342
1417135759460, 0.1519588, -0.5515808, 4.010842
1417135759492, 0.1521446, -0.551733, 4.010359
1417135759526, 0.1521419, -0.5519774, 4.009964
1417135759559, 0.1521897, -0.5522292, 4.009619
1417135759592, 0.1524721, -0.5525163, 4.009372
1417135759627, 0.153532, -0.5530466, 4.008847
1417135759661, 0.1543461, -0.5537907, 4.007986
1417135759692, 0.1545572, -0.5539795, 4.007487
1417135759725, 0.1545343, -0.5540937, 4.007256
1417135759759, 0.1547974, -0.5541456, 4.006502
1417135759791, 0.155107, -0.5544741, 4.006114
1417135759826, 0.154297, -0.5548376, 4.005564
1417135759859, 0.1533183, -0.555158, 4.004861
1417135759892, 0.1531151, -0.5553725, 4.00458
1417135759925, 0.1528578, -0.5555788, 4.004173
1417135759959, 0.1524181, -0.5558893, 4.003772
1417135759992, 0.1513822, -0.5563033, 4.003921
1417135760026, 0.151857, -0.556531, 4.003664
1417135760058, 0.1520529, -0.5569318, 4.003438
1417135760092, 0.1517584, -0.5570428, 4.003385
1417135760127, 0.1519746, -0.5574345, 4.003276
1417135760158, 0.1520496, -0.5575193, 4.00341
1417135760192, 0.1523155, -0.5576057, 4.003613
1417135760227, 0.1525641, -0.5577316, 4.003688
1417135760261, 0.153922, -0.5581257, 4.003689
1417135760293, 0.1542352, -0.5583649, 4.003672
1417135760326, 0.1543904, -0.5585603, 4.003752
1417135760359, 0.1540715, -0.5587667, 4.003942
1417135760392, 0.1540744, -0.5587932, 4.003935
1417135760425, 0.154273, -0.559091, 4.004073
1417135760459, 0.1544434, -0.5592949, 4.004098
1417135760492, 0.1544764, -0.559365, 4.00407
1417135760525, 0.1550935, -0.5596557, 4.003839
1417135760558, 0.1551108, -0.5596625, 4.003808
1417135760592, 0.1551435, -0.5597867, 4.003843
1417135760625, 0.1551665, -0.560074, 4.003719
1417135760659, 0.1547616, -0.5604832, 4.003584
1417135760692, 0.1547536, -0.560835, 4.003441
1417135760727, 0.1548049, -0.5610583, 4.003346
1417135760759, 0.1547106, -0.5613919, 4.00309
1417135760792, 0.1544833, -0.5616242, 4.002907
1417135760826, 0.1535574, -0.5619746, 4.002646
1417135760859, 0.1538105, -0.5620666, 4.002138
1417135760891, 0.1535814, -0.5622892, 4.001715
1417135760925, 0.1539743, -0.5626678, 4.001434
1417135760959, 0.1540639, -0.5628261, 4.001275
1417135760992, 0.1543161, -0.5629329, 4.000979
1417135761026, 0.1542013, -0.563006, 4.000993
1417135761059, 0.1542555, -0.5630416, 4.000967
1417135761092, 0.1545176, -0.5632651, 4.00069
1417135761125, 0.1545016, -0.5633335, 4.000439
1417135761159, 0.1545653, -0.5634433, 4.000367
1417135761191, 0.1546854, -0.5636742, 3.999972
1417135761226, 0.1557647, -0.5643964, 3.998025
1417135761258, 0.1556641, -0.564634, 3.996062
1417135761291, 0.1559545, -0.5648885, 3.994077
1417135761326, 0.156493, -0.5648624, 3.991695
1417135761358, 0.1572534, -0.5634867, 3.989802
1417135761392, 0.1580776, -0.5607452, 3.988299
1417135761426, 0.1574404, -0.557368, 3.987653
1417135761459, 0.1568403, -0.550254, 3.986513
1417135761494, 0.156994, -0.5482522, 3.985861
1417135761525, 0.157006, -0.5480231, 3.985975
1417135761559, 0.1564167, -0.5485289, 3.98776
1417135761592, 0.1562891, -0.5503566, 3.989235
1417135761626, 0.1576332, -0.557548, 3.994401
1417135761658, 0.1571291, -0.5613476, 3.997659
1417135761692, 0.1575343, -0.5628405, 4.000753
1417135761725, 0.1575278, -0.5633901, 4.00234
1417135761760, 0.1570807, -0.5642216, 4.004874
1417135761792, 0.1576457, -0.5643877, 4.006694
1417135761826, 0.1580242, -0.5654082, 4.008704
1417135761858, 0.1583226, -0.5659861, 4.010571
1417135761892, 0.1586103, -0.5665502, 4.011826
1417135761925, 0.1586541, -0.5665653, 4.012042
1417135761959, 0.1587448, -0.5666525, 4.012107
1417135761992, 0.1584731, -0.56677, 4.011586
1417135762026, 0.1588533, -0.5668057, 4.0105
1417135762058, 0.1592974, -0.5668792, 4.008449
1417135762092, 0.1603808, -0.5662431, 4.004465
1417135762125, 0.1601015, -0.5640881, 4.001218
1417135762159, 0.1615653, -0.5596236, 3.998065
1417135762192, 0.161221, -0.5564052, 3.996416
1417135762227, 0.1604419, -0.5494758, 3.993254
1417135762259, 0.1597467, -0.5480273, 3.992687
1417135762292, 0.1597155, -0.5480606, 3.992471
1417135762326, 0.1579683, -0.5509403, 3.991855
1417135762359, 0.1560735, -0.5595015, 3.990132
1417135762392, 0.1554201, -0.5618788, 3.989393
1417135762426, 0.1554573, -0.5621127, 3.989418
1417135762459, 0.1556206, -0.5621957, 3.989598
1417135762492, 0.1561466, -0.562139, 3.989859
1417135762525, 0.1561956, -0.5628424, 3.989844
1417135762559, 0.1556102, -0.5635055, 3.989729
1417135762592, 0.155665, -0.5642008, 3.989005
1417135762625, 0.1549117, -0.56468, 3.988409
1417135762659, 0.154864, -0.5646856, 3.98781
1417135762691, 0.1546902, -0.5650787, 3.987211
1417135762725, 0.1548438, -0.5651092, 3.986639
1417135762758, 0.1551881, -0.5648833, 3.98623
1417135762792, 0.1551997, -0.5644867, 3.986198
1417135762826, 0.1553522, -0.5606379, 3.986627
1417135762859, 0.1571906, -0.5547637, 3.987076
1417135762892, 0.1561732, -0.5513895, 3.988061
1417135762927, 0.1561021, -0.5508757, 3.988522
1417135762959, 0.1561715, -0.5512776, 3.989687
1417135762992, 0.1577294, -0.5559027, 3.991999
1417135763027, 0.1586952, -0.5612394, 3.99322
1417135763059, 0.1590481, -0.5628986, 3.995023
1417135763091, 0.1599809, -0.5631139, 3.997028
1417135763127, 0.1606245, -0.563624, 3.999005
1417135763158, 0.1612669, -0.5640849, 4.00037
1417135763191, 0.1619197, -0.564937, 4.001961
1417135763227, 0.1618094, -0.5651955, 4.002432
1417135763259, 0.161716, -0.5658323, 4.003289
1417135763292, 0.1611915, -0.5662115, 4.005041
1417135763326, 0.1608846, -0.5663065, 4.00564
1417135763359, 0.1605541, -0.5664014, 4.006011
1417135763392, 0.1604538, -0.5665711, 4.006099
1417135763426, 0.1601042, -0.5665784, 4.006295
1417135763459, 0.1599129, -0.5666068, 4.006442
1417135763492, 0.1598922, -0.566657, 4.00666
1417135763526, 0.1596695, -0.5667296, 4.006905
1417135763559, 0.1595488, -0.5667387, 4.006981
1417135763592, 0.1594625, -0.5667989, 4.007002
1417135763626, 0.1594414, -0.5668733, 4.007064
1417135763659, 0.1594212, -0.5668682, 4.007055
1417135763692, 0.1593745, -0.5668916, 4.007124
1417135763726, 0.1592258, -0.5669172, 4.007236
1417135763759, 0.1592444, -0.5669341, 4.007229
1417135763792, 0.1585781, -0.5667805, 4.007055
1417135763825, 0.1586466, -0.566753, 4.006996
1417135763858, 0.1586563, -0.5667552, 4.006997
1417135763892, 0.1585904, -0.5668966, 4.006979
1417135763925, 0.1585166, -0.5668418, 4.00698
1417135763959, 0.1585547, -0.5668936, 4.006967
1417135763992, 0.1585512, -0.5668966, 4.00697
1417135764026, 0.1587358, -0.5668434, 4.007014
1417135764058, 0.1587719, -0.5668709, 4.007045
1417135764092, 0.1588145, -0.566947, 4.007041
1417135764126, 0.1588751, -0.5669528, 4.007187
1417135764158, 0.158886, -0.5670021, 4.007271
1417135764192, 0.1590282, -0.5670394, 4.007375
1417135764225, 0.1590619, -0.5670561, 4.007431
1417135764259, 0.1591137, -0.5670787, 4.00754
1417135764293, 0.1591151, -0.5670838, 4.00753
1417135764326, 0.1592963, -0.5671142, 4.007936
1417135764359, 0.1595788, -0.5672417, 4.007919
1417135764391, 0.1600308, -0.5674169, 4.008365
1417135764427, 0.1600829, -0.5674391, 4.008512
1417135764459, 0.1600669, -0.567449, 4.008499
1417135764491, 0.1600319, -0.5674392, 4.008509
1417135764527, 0.1600508, -0.5674587, 4.008497
1417135764559, 0.1600519, -0.5674713, 4.008488
1417135764592, 0.1600518, -0.5675069, 4.008484
1417135764626, 0.1600513, -0.5675064, 4.008482
1417135764659, 0.1599915, -0.5677142, 4.008507
1417135764691, 0.1601197, -0.5677083, 4.008425
1417135764727, 0.160166, -0.5677641, 4.008325
1417135764758, 0.1603574, -0.5678217, 4.008245
1417135764792, 0.1606924, -0.5678005, 4.008165
1417135764826, 0.160653, -0.5678324, 4.008069
1417135764858, 0.1604596, -0.5680156, 4.007959
1417135764891, 0.1601993, -0.5680069, 4.007886
1417135764925, 0.1599488, -0.5680605, 4.007823
1417135764958, 0.1600064, -0.5680791, 4.007827
1417135764992, 0.1598984, -0.5680987, 4.007833
1417135765026, 0.1597343, -0.5681127, 4.007708
1417135765059, 0.1593181, -0.5682179, 4.007716
1417135765092, 0.1592625, -0.5682776, 4.007684
1417135765126, 0.1590026, -0.5682949, 4.007561
1417135765159, 0.1583521, -0.5684974, 4.008004
1417135765191, 0.1579507, -0.5685217, 4.008174
1417135765225, 0.1582117, -0.5686233, 4.008315
1417135765258, 0.1578226, -0.5686117, 4.008124
1417135765292, 0.1577927, -0.56853, 4.008016
1417135765326, 0.1580985, -0.5684282, 4.008107
1417135765359, 0.1581388, -0.568382, 4.008287
1417135765392, 0.1580459, -0.5683884, 4.008309
1417135765426, 0.1580538, -0.5683863, 4.008327
1417135765459, 0.1580293, -0.5684676, 4.008529
1417135765492, 0.1579017, -0.5684539, 4.008571
1417135765526, 0.1587711, -0.5683752, 4.008751
1417135765558, 0.1588603, -0.5684657, 4.008876
1417135765592, 0.1586777, -0.5684639, 4.009051
1417135765626, 0.158748, -0.568418, 4.009161
1417135765660, 0.1587071, -0.5684285, 4.009206
1417135765692, 0.158695, -0.5684781, 4.009248
1417135765726, 0.1587048, -0.5684736, 4.009278
1417135765760, 0.1589393, -0.5685484, 4.009421
1417135765791, 0.1589391, -0.5685511, 4.009426
1417135765825, 0.158943, -0.5685541, 4.009429
1417135765859, 0.1587415, -0.5686539, 4.009468
1417135765891, 0.1586884, -0.5686758, 4.009342
1417135765925, 0.1586596, -0.568706, 4.009345
1417135765959, 0.158906, -0.5688721, 4.00939
1417135765992, 0.159159, -0.5687431, 4.009239
1417135766026, 0.1591338, -0.5687446, 4.009214
1417135766059, 0.1591617, -0.5688155, 4.009176
1417135766092, 0.1591519, -0.568831, 4.009162
1417135766127, 0.1593845, -0.5690026, 4.009013
1417135766159, 0.1592685, -0.5690936, 4.009025
1417135766192, 0.1591845, -0.5693039, 4.009052
1417135766225, 0.1595195, -0.5692265, 4.008903
1417135766259, 0.1593886, -0.5691803, 4.008882
1417135766291, 0.1594079, -0.5692086, 4.008819
1417135766326, 0.1597868, -0.5693461, 4.008638
1417135766358, 0.159836, -0.5694208, 4.008566
1417135766391, 0.1597868, -0.5695659, 4.008546
1417135766426, 0.1596923, -0.5696173, 4.008483
1417135766459, 0.1597307, -0.5696878, 4.008371
1417135766492, 0.1598217, -0.5698243, 4.008304
1417135766525, 0.1596989, -0.5699973, 4.008233
1417135766558, 0.1597347, -0.5699769, 4.008242
1417135766592, 0.1596761, -0.5700098, 4.008236
1417135766626, 0.1596108, -0.5701438, 4.008157
1417135766659, 0.159632, -0.5701457, 4.008127
1417135766693, 0.1598489, -0.5701193, 4.008127
1417135766726, 0.1599585, -0.5701711, 4.008192
1417135766759, 0.1598165, -0.5702547, 4.008183
1417135766792, 0.1600316, -0.5703809, 4.008253
1417135766826, 0.1601177, -0.5703943, 4.008208
1417135766859, 0.1603893, -0.5704919, 4.008051
1417135766892, 0.1604247, -0.57048, 4.008029
1417135766927, 0.1605164, -0.5705017, 4.008038
1417135766958, 0.1606312, -0.5705842, 4.00804
1417135766992, 0.1607612, -0.5706468, 4.008009
1417135767026, 0.1607927, -0.5706573, 4.008052
1417135767059, 0.1609136, -0.5708135, 4.008063
1417135767092, 0.1612167, -0.5708975, 4.008147
1417135767126, 0.1614503, -0.5709921, 4.008153
1417135767159, 0.1615279, -0.570957, 4.00811
1417135767192, 0.1615589, -0.5709804, 4.008088
1417135767226, 0.1615099, -0.5710003, 4.007989
1417135767259, 0.1613832, -0.5711246, 4.007912
1417135767292, 0.1615461, -0.5712894, 4.00791
1417135767326, 0.161592, -0.5713462, 4.007951
1417135767359, 0.1615168, -0.5712647, 4.007905
1417135767394, 0.1613639, -0.5712731, 4.00785
1417135767425, 0.1612926, -0.5713124, 4.007818
1417135767459, 0.1613608, -0.5713508, 4.007838
1417135767492, 0.1611072, -0.5713845, 4.007713
1417135767525, 0.1610013, -0.5713562, 4.007728
1417135767559, 0.160968, -0.5712017, 4.007698
1417135767591, 0.1611044, -0.5711448, 4.007601
1417135767626, 0.1610515, -0.5710719, 4.007585
1417135767659, 0.1611812, -0.5710868, 4.00757
1417135767692, 0.1607715, -0.5711325, 4.007417
1417135767725, 0.1604257, -0.5710381, 4.007411
1417135767759, 0.1604521, -0.571014, 4.007366
1417135767792, 0.1605878, -0.5710345, 4.007092
1417135767825, 0.1605096, -0.5711153, 4.007088
1417135767859, 0.1605061, -0.5710218, 4.006956
1417135767892, 0.1604506, -0.5709308, 4.006924
1417135767926, 0.160498, -0.5710285, 4.006915
1417135767959, 0.1607328, -0.5711759, 4.006827
1417135767992, 0.1607811, -0.5712184, 4.006798
1417135768025, 0.1608305, -0.571234, 4.006714
1417135768059, 0.1605453, -0.571223, 4.006591
1417135768092, 0.1605647, -0.5712228, 4.006602
1417135768126, 0.1608401, -0.5714825, 4.006468
1417135768159, 0.1606846, -0.5715331, 4.006146
1417135768192, 0.1609484, -0.5715687, 4.005887
1417135768227, 0.1609569, -0.5716093, 4.005862
1417135768259, 0.1612402, -0.5718211, 4.005603
1417135768291, 0.1613412, -0.5718653, 4.005354
1417135768326, 0.1614616, -0.5719348, 4.004982
1417135768359, 0.1616616, -0.5719365, 4.00478
1417135768392, 0.1620756, -0.5721831, 4.004384
1417135768426, 0.1632192, -0.572396, 4.003511
1417135768459, 0.1643024, -0.5727484, 4.002398
1417135768492, 0.1655684, -0.5729922, 4.001526
1417135768526, 0.1668586, -0.5729939, 4.000423
1417135768559, 0.1704326, -0.5738836, 3.998423
1417135768592, 0.173994, -0.5737482, 3.996382
1417135768625, 0.1781785, -0.5741239, 3.992733
1417135768659, 0.1800351, -0.5743183, 3.990134
1417135768692, 0.1846584, -0.5744462, 3.987303
1417135768726, 0.1910324, -0.5761498, 3.982625
1417135768759, 0.1962095, -0.5775055, 3.978597
1417135768792, 0.200222, -0.5788466, 3.974994
1417135768825, 0.2045065, -0.5802764, 3.968904
1417135768859, 0.2061023, -0.5801355, 3.96204
1417135768892, 0.207315, -0.5799749, 3.952512
1417135768927, 0.211264, -0.5792082, 3.940421
1417135768959, 0.2123009, -0.5796604, 3.928827
1417135768991, 0.2129142, -0.5802793, 3.912062
1417135769027, 0.2110567, -0.5818126, 3.888913
1417135769059, 0.2114121, -0.5852812, 3.871596
1417135769092, 0.2108669, -0.5916736, 3.849392
1417135769125, 0.2113074, -0.5953971, 3.820674
1417135769159, 0.2064003, -0.5955856, 3.796712
1417135769192, 0.2023834, -0.597518, 3.761618
1417135769226, 0.1986397, -0.596252, 3.725523
1417135769258, 0.195582, -0.5864828, 3.681344
1417135769292, 0.1937206, -0.577727, 3.644731
1417135769326, 0.1906236, -0.5647274, 3.599295
1417135769359, 0.1852171, -0.5586219, 3.564288
1417135769391, 0.1796424, -0.5526783, 3.524711
1417135769426, 0.1735108, -0.5452263, 3.496355
1417135769459, 0.1710792, -0.5368028, 3.461935
1417135769492, 0.1714987, -0.5291253, 3.434065
1417135769526, 0.1718018, -0.5248298, 3.401689
1417135769558, 0.1733, -0.5202525, 3.368551
1417135769592, 0.1751938, -0.5189095, 3.333722
1417135769626, 0.1725208, -0.5216007, 3.303634
1417135769660, 0.1759651, -0.5259481, 3.266416
1417135769692, 0.1784667, -0.5299239, 3.228099
1417135769727, 0.1814435, -0.5332734, 3.186746
1417135769759, 0.1791599, -0.5354981, 3.148715
1417135769791, 0.1798815, -0.5317224, 3.096761
1417135769828, 0.1823795, -0.5272418, 3.051027
1417135769861, 0.1859314, -0.5199195, 3.007353
1417135769892, 0.1857458, -0.5076421, 2.957336
1417135769926, 0.1927131, -0.5031285, 2.923718
1417135769959, 0.1976039, -0.4939093, 2.878786
1417135769992, 0.1988659, -0.4874779, 2.851424
1417135770027, 0.1968354, -0.4803123, 2.81456
1417135770060, 0.2025022, -0.4729264, 2.78284
1417135770092, 0.2026001, -0.4693892, 2.746828
1417135770125, 0.2058498, -0.4674259, 2.713058
1417135770160, 0.2082686, -0.473004, 2.680482
1417135770192, 0.2032774, -0.4762945, 2.644238
1417135770227, 0.2021101, -0.4809182, 2.60705
1417135770261, 0.1985911, -0.4856202, 2.564586
1417135770292, 0.1967592, -0.4849165, 2.52145
1417135770325, 0.1918312, -0.4825965, 2.478414
1417135770359, 0.1861834, -0.4743636, 2.43179
1417135770392, 0.1828696, -0.4631259, 2.391172
1417135770428, 0.1738892, -0.4512551, 2.345898
1417135770459, 0.1669517, -0.4457648, 2.324847
1417135770493, 0.1609727, -0.43562, 2.285986
1417135770526, 0.1589764, -0.4287317, 2.257323
1417135770561, 0.1577846, -0.4218977, 2.225502
1417135770592, 0.15999, -0.4168967, 2.194221
1417135770628, 0.1594233, -0.4133148, 2.160185
1417135770661, 0.1570929, -0.4124346, 2.130106
1417135770693, 0.1570134, -0.4157158, 2.092761
1417135770728, 0.1571564, -0.4174383, 2.059947
1417135770760, 0.1550737, -0.4219404, 2.019413
1417135770794, 0.1585894, -0.4248464, 1.983401
1417135770828, 0.1554532, -0.4289844, 1.937655
1417135770861, 0.1550577, -0.4287061, 1.89673
1417135770894, 0.1598157, -0.422837, 1.851602
1417135770929, 0.1646411, -0.4161146, 1.8156
1417135770960, 0.168808, -0.4085813, 1.769084
1417135770994, 0.1738195, -0.4061728, 1.743841
1417135771028, 0.1798443, -0.4009408, 1.703906
1417135771062, 0.1804098, -0.3959427, 1.676225
1417135771094, 0.1786845, -0.3873126, 1.64534
1417135771129, 0.1765426, -0.3817818, 1.620665
1417135771161, 0.1729648, -0.3772886, 1.594806
1417135771194, 0.1684866, -0.3753991, 1.570673
1417135771228, 0.165719, -0.3747784, 1.546263
1417135771260, 0.1623394, -0.3765228, 1.515269
1417135771294, 0.1615976, -0.3779441, 1.487504
1417135771328, 0.1614892, -0.3792135, 1.459446
1417135771361, 0.1566961, -0.381925, 1.426296
1417135771393, 0.1541921, -0.3833707, 1.398447
1417135771429, 0.1510836, -0.3821809, 1.365158
1417135771462, 0.1464568, -0.3794895, 1.334634
1417135771495, 0.1416843, -0.3755037, 1.312183
1417135771529, 0.1375081, -0.3710186, 1.288726
1417135771562, 0.134242, -0.3662, 1.26416
1417135771595, 0.1340261, -0.3639027, 1.245049
1417135771628, 0.1341526, -0.3610641, 1.228693
1417135771662, 0.1335144, -0.3577572, 1.213809
1417135771695, 0.1338399, -0.353597, 1.202462
1417135771729, 0.1356609, -0.3499008, 1.192328
1417135771762, 0.1374996, -0.3458996, 1.182895
1417135771795, 0.1389076, -0.3426895, 1.173906
1417135771828, 0.1403495, -0.3399662, 1.164334
1417135771862, 0.1411072, -0.3387123, 1.154911
1417135771895, 0.1419684, -0.3377693, 1.146844
1417135771929, 0.1425797, -0.3372234, 1.138228
1417135771962, 0.1424162, -0.3372063, 1.130978
1417135771995, 0.1424702, -0.3370986, 1.124033
1417135772029, 0.1428955, -0.3368226, 1.118656
1417135772062, 0.1435555, -0.3365935, 1.113852
1417135772095, 0.144022, -0.3365341, 1.1095
1417135772129, 0.1442171, -0.3366957, 1.105525
1417135772162, 0.1438341, -0.3367545, 1.101905
1417135772195, 0.1435502, -0.3368339, 1.098622
1417135772229, 0.1431044, -0.3371858, 1.094952
1417135772262, 0.142625, -0.3375615, 1.091926
1417135772295, 0.1420643, -0.3375463, 1.088911
1417135772329, 0.141551, -0.337333, 1.086228
1417135772362, 0.14135, -0.3374654, 1.083764
1417135772394, 0.1403591, -0.3372865, 1.081066
1417135772429, 0.1399715, -0.3374054, 1.078541
1417135772462, 0.1398212, -0.3373403, 1.076385
1417135772495, 0.140215, -0.3373575, 1.074399
1417135772529, 0.1402152, -0.3374604, 1.072481
1417135772562, 0.1403494, -0.3375721, 1.070426
1417135772595, 0.1403478, -0.3376454, 1.068863
1417135772629, 0.1404857, -0.3378705, 1.067107
1417135772662, 0.1407216, -0.3378768, 1.065725
1417135772695, 0.1409015, -0.3380219, 1.064457
1417135772729, 0.1410892, -0.3380643, 1.063498
1417135772762, 0.1414478, -0.3379705, 1.062797
1417135772795, 0.1418569, -0.3380272, 1.062043
1417135772829, 0.1421646, -0.3380213, 1.061513
1417135772862, 0.1425846, -0.3381568, 1.061082
1417135772895, 0.1428591, -0.3382606, 1.060587
1417135772929, 0.1432117, -0.3383822, 1.06007
1417135772963, 0.1434331, -0.3384161, 1.059775
1417135772995, 0.1438227, -0.3384738, 1.059258
1417135773028, 0.1441703, -0.3385184, 1.058863
1417135773063, 0.1446257, -0.338464, 1.058416
1417135773094, 0.1451326, -0.3383954, 1.057924
1417135773130, 0.1457729, -0.3385066, 1.057421
1417135773162, 0.1462343, -0.3383345, 1.056923
1417135773194, 0.1468091, -0.3381882, 1.056405
1417135773229, 0.1471605, -0.3381383, 1.056065
1417135773262, 0.1474156, -0.3380609, 1.055756
1417135773295, 0.1476499, -0.3379364, 1.055516
1417135773329, 0.1477255, -0.3378818, 1.055347
1417135773362, 0.1477309, -0.3378616, 1.055173
1417135773395, 0.1477618, -0.3378255, 1.055017
1417135773430, 0.1477552, -0.337799, 1.054866
1417135773462, 0.1477241, -0.3377813, 1.054773
1417135773495, 0.1477054, -0.3377694, 1.054664
1417135773528, 0.1477059, -0.337732, 1.054513
1417135773562, 0.1476857, -0.33767, 1.054377
1417135773594, 0.1476858, -0.3376532, 1.054201
1417135773629, 0.1477199, -0.3376577, 1.054019
1417135773661, 0.1477468, -0.3376349, 1.05383
1417135773695, 0.1477699, -0.3376102, 1.05363
1417135773729, 0.1478092, -0.3376174, 1.05345
1417135773762, 0.1478486, -0.3376335, 1.053241
1417135773795, 0.1479077, -0.3376973, 1.053064
1417135773829, 0.1481928, -0.3377481, 1.052861
1417135773863, 0.1482766, -0.3377578, 1.052753
1417135773896, 0.1483642, -0.3377793, 1.052644
1417135773929, 0.1486463, -0.337841, 1.052438
1417135773962, 0.1488036, -0.3378673, 1.052346
1417135773995, 0.1489658, -0.3378942, 1.052281
1417135774029, 0.1491077, -0.3378807, 1.052217
1417135774062, 0.1492843, -0.3378704, 1.052147
1417135774094, 0.1493869, -0.3378662, 1.052158
1417135774130, 0.1495436, -0.3378972, 1.052158
1417135774161, 0.1499072, -0.3378944, 1.052254
1417135774194, 0.1499178, -0.3378985, 1.052292
1417135774229, 0.1499273, -0.3379119, 1.052316
1417135774261, 0.1498927, -0.3379205, 1.052433
1417135774294, 0.1498086, -0.3379026, 1.052612
1417135774330, 0.1496823, -0.3379406, 1.052765
1417135774362, 0.1495253, -0.3379005, 1.052984
1417135774392, 0.1493538, -0.3379052, 1.053175
1417135774429, 0.14912, -0.33793, 1.053437
1417135774461, 0.1488797, -0.3379183, 1.05371
1417135774495, 0.1486152, -0.3379176, 1.054062
1417135774529, 0.1485703, -0.3378947, 1.054285
1417135774562, 0.1484828, -0.3378889, 1.054485
1417135774595, 0.1482145, -0.3378949, 1.05473
1417135774628, 0.1479006, -0.3378924, 1.05497
1417135774662, 0.1478785, -0.3379141, 1.055058
1417135774695, 0.147571, -0.3379443, 1.055229
1417135774729, 0.1473839, -0.3379884, 1.055344
1417135774761, 0.1473283, -0.3379892, 1.055412
1417135774795, 0.1469315, -0.3380449, 1.055514
1417135774828, 0.146874, -0.3380493, 1.05556
1417135774862, 0.1466179, -0.33808, 1.055718
1417135774895, 0.1464502, -0.3381258, 1.055784
1417135774929, 0.1462048, -0.3381739, 1.055917
1417135774961, 0.1459325, -0.3382058, 1.056043
1417135774994, 0.1458159, -0.3382249, 1.056108
1417135775029, 0.1457824, -0.3382232, 1.056133
1417135775062, 0.1456582, -0.3382939, 1.056196
1417135775095, 0.1455676, -0.3382997, 1.056279
1417135775129, 0.1454258, -0.3382903, 1.056377
1417135775161, 0.1453514, -0.3383094, 1.056421
1417135775195, 0.1452127, -0.3383244, 1.056476
1417135775229, 0.1451048, -0.3383418, 1.056509
1417135775261, 0.1450454, -0.3383351, 1.056548
1417135775295, 0.1449737, -0.3383378, 1.056574
1417135775328, 0.1449198, -0.3383379, 1.056588
1417135775362, 0.1448481, -0.3383605, 1.056607
1417135775396, 0.1447692, -0.3383903, 1.056607
1417135775429, 0.1447042, -0.3383934, 1.056619
1417135775462, 0.1446647, -0.3384095, 1.05662
1417135775495, 0.1446249, -0.3383982, 1.056641
1417135775529, 0.1445868, -0.3384123, 1.056639
1417135775561, 0.1445719, -0.3384186, 1.05663
1417135775595, 0.1445732, -0.3384271, 1.056621
1417135775628, 0.144562, -0.3384297, 1.056614
1417135775661, 0.1445546, -0.3384323, 1.056608
1417135775694, 0.1445544, -0.3384316, 1.056608
1417135775729, 0.1445515, -0.3384303, 1.056607
1417135775761, 0.1445687, -0.3384277, 1.0566
1417135775795, 0.1445753, -0.3384264, 1.056584
1417135775829, 0.1445926, -0.3384309, 1.056569
1417135775862, 0.1446201, -0.3384199, 1.056568
1417135775895, 0.1446692, -0.3384168, 1.056549
1417135775929, 0.1447113, -0.3384153, 1.056538
1417135775961, 0.1447907, -0.338391, 1.056497
1417135775994, 0.1448071, -0.3383831, 1.056487
1417135776028, 0.1448219, -0.3383748, 1.05649
1417135776062, 0.1448572, -0.3383568, 1.0565
1417135776095, 0.1448806, -0.3383546, 1.056512
1417135776129, 0.144897, -0.3383502, 1.05652
1417135776161, 0.1449081, -0.3383429, 1.056543
1417135776194, 0.1449317, -0.3383294, 1.056563
1417135776229, 0.1449422, -0.3383416, 1.056624
1417135776261, 0.144972, -0.3383415, 1.056656
1417135776295, 0.145084, -0.3383254, 1.056759
1417135776329, 0.1451412, -0.3383179, 1.056866
1417135776362, 0.1451626, -0.3383003, 1.056944
1417135776395, 0.1452331, -0.3383057, 1.057039
1417135776429, 0.1452514, -0.3383068, 1.057222
1417135776461, 0.1454076, -0.3383521, 1.057355
1417135776494, 0.1454699, -0.3383543, 1.057476
1417135776529, 0.1454999, -0.3383625, 1.057613
1417135776562, 0.1455465, -0.3383659, 1.057706
1417135776594, 0.1456376, -0.3383479, 1.057871
1417135776630, 0.1456202, -0.3382421, 1.05807
1417135776661, 0.1456384, -0.3381633, 1.05825
1417135776695, 0.1456113, -0.3380823, 1.058415
1417135776729, 0.1456004, -0.3380194, 1.058553
1417135776762, 0.1456136, -0.3379701, 1.058753
1417135776794, 0.1457291, -0.3379321, 1.058886
1417135776829, 0.1456667, -0.3379183, 1.059086
1417135776862, 0.1456293, -0.3379118, 1.059291
1417135776895, 0.1456005, -0.3378231, 1.059548
1417135776929, 0.1456511, -0.3377589, 1.059805
1417135776962, 0.1455538, -0.3377176, 1.05998
1417135776995, 0.1455285, -0.3378181, 1.060105
1417135777029, 0.145436, -0.3377848, 1.060253
1417135777062, 0.1453346, -0.337724, 1.060427
1417135777095, 0.1453316, -0.3377149, 1.060516
1417135777129, 0.145234, -0.3376854, 1.06065
1417135777161, 0.1452367, -0.337666, 1.060705
1417135777194, 0.1451438, -0.3376451, 1.060749
1417135777229, 0.145068, -0.3376147, 1.0608
1417135777261, 0.1450773, -0.3375904, 1.060832
1417135777294, 0.1450464, -0.3375774, 1.060859
1417135777328, 0.1449388, -0.3375275, 1.060872
1417135777361, 0.1448665, -0.3375133, 1.060907
1417135777394, 0.144853, -0.3375111, 1.060917
1417135777429, 0.1448327, -0.3375114, 1.060929
1417135777461, 0.1447875, -0.3375085, 1.060941
1417135777494, 0.1447668, -0.3374998, 1.060954
1417135777528, 0.1447838, -0.3374821, 1.060972
1417135777562, 0.1447627, -0.337473, 1.060975
1417135777594, 0.1447365, -0.3374639, 1.060983
1417135777629, 0.1447767, -0.3374299, 1.061004
1417135777662, 0.1447519, -0.3374311, 1.061004
1417135777695, 0.1447385, -0.3374254, 1.061017
1417135777729, 0.1446932, -0.3374132, 1.061035
1417135777761, 0.1446702, -0.3373969, 1.061055
1417135777795, 0.1446499, -0.3373841, 1.06108
1417135777828, 0.1446293, -0.3373858, 1.061108
1417135777861, 0.1446027, -0.3373906, 1.061149
1417135777896, 0.1445951, -0.3373861, 1.061158
1417135777929, 0.1446448, -0.3373607, 1.061188
1417135777962, 0.14463, -0.3373565, 1.061182
1417135777995, 0.1446336, -0.3373564, 1.061164
1417135778029, 0.1445448, -0.3374158, 1.060988
1417135778061, 0.1443289, -0.337455, 1.060283
1417135778095, 0.1439721, -0.3376151, 1.058603
1417135778129, 0.143482, -0.3375586, 1.056139
1417135778161, 0.1434335, -0.3376421, 1.053004
1417135778194, 0.1429965, -0.3374195, 1.049343
1417135778228, 0.1427736, -0.3365923, 1.045906
1417135778262, 0.1428204, -0.3341176, 1.042839
1417135778294, 0.1429898, -0.3300005, 1.040285
1417135778329, 0.143652, -0.3249296, 1.038864
1417135778361, 0.1445267, -0.3208733, 1.038674
1417135778394, 0.1452104, -0.3190074, 1.038915
1417135778429, 0.1456312, -0.3187628, 1.039216
1417135778461, 0.1466747, -0.3211262, 1.040262
1417135778495, 0.147692, -0.3295852, 1.042329
1417135778529, 0.1479554, -0.3328478, 1.043197
1417135778561, 0.1481528, -0.3333452, 1.043758
1417135778595, 0.1485326, -0.3334825, 1.044381
1417135778628, 0.1492026, -0.3338683, 1.045255
1417135778662, 0.1494418, -0.334426, 1.04567
1417135778695, 0.149354, -0.3347572, 1.045798
1417135778729, 0.1492217, -0.3348736, 1.045705
1417135778761, 0.1489594, -0.3348484, 1.045379
1417135778795, 0.1487991, -0.3346408, 1.044643
1417135778830, 0.1486236, -0.3337152, 1.04318
1417135778861, 0.1486349, -0.332386, 1.041614
1417135778895, 0.1488429, -0.3287628, 1.040053
1417135778930, 0.149339, -0.3239811, 1.039213
1417135778963, 0.1502776, -0.3188706, 1.038869
1417135778995, 0.1506346, -0.3169177, 1.039069
1417135779029, 0.1509825, -0.3167925, 1.039264
1417135779063, 0.1509952, -0.3185247, 1.039471
1417135779095, 0.151182, -0.3229926, 1.0395
1417135779129, 0.1517139, -0.3239954, 1.039498
1417135779162, 0.1524406, -0.3242936, 1.039536
1417135779195, 0.1528303, -0.3245414, 1.039734
1417135779229, 0.152977, -0.3249249, 1.039988
1417135779262, 0.1535042, -0.3268077, 1.040342
1417135779295, 0.1540474, -0.3274809, 1.040431
1417135779328, 0.1541251, -0.3276088, 1.040406
1417135779361, 0.1543222, -0.327637, 1.040353
1417135779395, 0.1547448, -0.327558, 1.040125
1417135779429, 0.1551716, -0.3273316, 1.039832
1417135779462, 0.1559117, -0.3267137, 1.039388
1417135779495, 0.1563088, -0.3254748, 1.039187
1417135779529, 0.1566532, -0.3230418, 1.039548
1417135779561, 0.1569079, -0.3212037, 1.039924
1417135779594, 0.1571467, -0.3204868, 1.040346
1417135779630, 0.1569919, -0.3207036, 1.040743
1417135779661, 0.1565223, -0.323666, 1.041482
1417135779695, 0.1562391, -0.325856, 1.04209
1417135779730, 0.1563402, -0.3265851, 1.042338
1417135779761, 0.1561528, -0.3268962, 1.042881
1417135779795, 0.1560009, -0.3271106, 1.043806
1417135779829, 0.1552003, -0.3276054, 1.044732
1417135779861, 0.1549254, -0.3283683, 1.045713
1417135779894, 0.1541826, -0.3290063, 1.046837
1417135779930, 0.1536955, -0.3294749, 1.047767
1417135779961, 0.1535293, -0.3297785, 1.048666
1417135779994, 0.1533467, -0.3307543, 1.049524
1417135780029, 0.1530251, -0.3318167, 1.050346
1417135780062, 0.1527861, -0.3327147, 1.051159
1417135780095, 0.1526954, -0.3334684, 1.051809
1417135780128, 0.153271, -0.3342135, 1.05269
1417135780162, 0.154155, -0.3350168, 1.053841
1417135780193, 0.1550374, -0.3358707, 1.054799
1417135780227, 0.155934, -0.3367871, 1.055824
1417135780261, 0.1562236, -0.3373034, 1.056655
1417135780292, 0.1561676, -0.3379225, 1.057415
1417135780328, 0.1562121, -0.3384456, 1.05821
1417135780360, 0.1562338, -0.3388389, 1.059022
1417135780393, 0.1561639, -0.3391838, 1.059622
1417135780428, 0.1561836, -0.3394097, 1.060129
1417135780460, 0.1560835, -0.3395728, 1.060524
1417135780493, 0.1559514, -0.3396671, 1.060976
1417135780527, 0.1558724, -0.339696, 1.061207
1417135780561, 0.1558891, -0.3397287, 1.06144
1417135780594, 0.1559628, -0.3397467, 1.061544
1417135780629, 0.1559524, -0.3397523, 1.061642
1417135780662, 0.155996, -0.3397322, 1.061754
1417135780694, 0.1560011, -0.3397017, 1.061849
1417135780729, 0.1560162, -0.3396286, 1.061921
1417135780762, 0.1558553, -0.3395092, 1.06202
1417135780794, 0.1557786, -0.3394777, 1.062032
1417135780829, 0.1556257, -0.3394468, 1.062018
1417135780862, 0.1553723, -0.3394015, 1.061999
1417135780896, 0.1551004, -0.3393449, 1.062004
1417135780928, 0.1545704, -0.3392962, 1.061835
1417135780962, 0.1541945, -0.3393112, 1.061721
1417135780994, 0.1536093, -0.339301, 1.061531
1417135781028, 0.1530684, -0.3393844, 1.061283
1417135781062, 0.1524156, -0.339545, 1.06101
1417135781095, 0.151816, -0.339593, 1.060855
1417135781129, 0.1509376, -0.3398169, 1.060581
1417135781161, 0.1503456, -0.3400608, 1.06038
1417135781195, 0.1497507, -0.3405176, 1.060109
1417135781228, 0.1491782, -0.3409476, 1.059945
1417135781262, 0.1488664, -0.3413258, 1.059802
1417135781295, 0.1485599, -0.3417645, 1.059715
1417135781329, 0.1482761, -0.342055, 1.059678
1417135781361, 0.1480906, -0.3422798, 1.059702
1417135781394, 0.1479362, -0.3425359, 1.059728
1417135781428, 0.1478529, -0.3427749, 1.059763
1417135781462, 0.1478474, -0.3429016, 1.059808
1417135781494, 0.1478379, -0.3430707, 1.059919
1417135781528, 0.1477914, -0.3432136, 1.059973
1417135781562, 0.1477029, -0.3434475, 1.060038
1417135781595, 0.1475754, -0.3436972, 1.060081
1417135781628, 0.1473947, -0.3438774, 1.060061
1417135781662, 0.1471748, -0.3440146, 1.060064
1417135781695, 0.1468994, -0.3441699, 1.059993
1417135781728, 0.1465585, -0.3442934, 1.059889
1417135781762, 0.1461116, -0.3443894, 1.05968
1417135781795, 0.1455556, -0.3444498, 1.05931
1417135781829, 0.1452783, -0.3444836, 1.059101
1417135781862, 0.1449962, -0.344588, 1.05891
1417135781894, 0.1449698, -0.3446705, 1.058707
1417135781929, 0.1452377, -0.3447965, 1.058415
1417135781962, 0.1456218, -0.3451026, 1.05789
1417135781995, 0.1462146, -0.3454663, 1.056942
1417135782029, 0.1474156, -0.3454981, 1.055421
1417135782061, 0.1500578, -0.3460428, 1.052091
1417135782095, 0.1520871, -0.3456075, 1.048738
1417135782129, 0.1577326, -0.3441021, 1.042486
1417135782162, 0.1647891, -0.3420359, 1.034447
1417135782195, 0.1735362, -0.342696, 1.024328
1417135782230, 0.1802788, -0.3422979, 1.015867
1417135782262, 0.1901895, -0.3444203, 1.003765
1417135782296, 0.1972034, -0.3440552, 0.9935865
1417135782329, 0.2100331, -0.3464567, 0.9777536
1417135782362, 0.2190872, -0.3470882, 0.9647369
1417135782396, 0.232554, -0.3462764, 0.9495245
1417135782430, 0.2417063, -0.3455634, 0.9356928
1417135782462, 0.2522646, -0.3434091, 0.9221346
1417135782496, 0.2694468, -0.3424298, 0.9027646
1417135782530, 0.2816482, -0.3423347, 0.8904312
1417135782562, 0.2920309, -0.3404111, 0.8805518
1417135782595, 0.3000195, -0.3414362, 0.8740594
1417135782630, 0.3049507, -0.3434142, 0.8697505
1417135782662, 0.3108242, -0.3435554, 0.8652545
1417135782695, 0.3142347, -0.3436057, 0.862766
1417135782729, 0.3180115, -0.3428657, 0.8598211
1417135782762, 0.3235047, -0.341259, 0.8550548
1417135782795, 0.3298635, -0.3403881, 0.849386
1417135782830, 0.3312064, -0.3404755, 0.8475368
1417135782863, 0.3320401, -0.3425086, 0.8432974
1417135782895, 0.3319083, -0.3448054, 0.8389101
1417135782930, 0.330675, -0.3473623, 0.8342344
1417135782962, 0.3289839, -0.3495976, 0.83026
1417135782995, 0.3276342, -0.350688, 0.8278993
1417135783029, 0.3264534, -0.3508576, 0.8267294
1417135783062, 0.3252696, -0.3500009, 0.8244179
1417135783095, 0.3237598, -0.3478475, 0.8225594
1417135783130, 0.3214626, -0.3468558, 0.823771
1417135783162, 0.3176006, -0.3377472, 0.8156607
1417135783195, 0.3157828, -0.3336423, 0.8108047
1417135783229, 0.3147253, -0.3312384, 0.807315
1417135783261, 0.3137615, -0.3288664, 0.8032915
1417135783295, 0.3125232, -0.3275125, 0.8009633
1417135783329, 0.3111368, -0.3274898, 0.7993499
1417135783361, 0.3198872, -0.3248886, 0.830916
1417135783395, 0.2874658, -0.3448491, 0.840791
1417135783429, 0.2936656, -0.3401371, 0.8189837
1417135783462, 0.2905595, -0.3394137, 0.8127213
1417135783495, 0.28882, -0.337252, 0.8058811
1417135783530, 0.287163, -0.3322963, 0.7968472
1417135783561, 0.2830228, -0.3210787, 0.8082268
1417135783594, 0.2607014, -0.2956951, 0.7456779
1417135783628, 0.2667125, -0.3146572, 0.7632895
1417135783662, 0.2684258, -0.337951, 0.7848495
1417135783694, 0.2955553, -0.3489995, 0.8460786
1417135783729, 0.2797706, -0.3666036, 0.8126855
1417135783762, 0.2866598, -0.3647594, 0.8301567
1417135783795, 0.3109596, -0.341038, 0.8960802
1417135783829, 0.3124139, -0.3399778, 0.8977191
1417135783862, 0.3099838, -0.3489919, 0.8828819
1417135783895, 0.2983795, -0.3676809, 0.862992
1417135783929, 0.3011727, -0.3695717, 0.8656663
1417135783961, 0.3022878, -0.3705474, 0.8668489
1417135783993, 0.3039411, -0.3721745, 0.8685998
1417135784028, 0.3047048, -0.3724842, 0.8692405
1417135784062, 0.3054628, -0.3677833, 0.8689944
1417135784095, 0.3058424, -0.3652799, 0.8690504
1417135784130, 0.3062575, -0.3632262, 0.8692197
1417135784161, 0.3065057, -0.3613838, 0.8693275
1417135784195, 0.3067487, -0.3575661, 0.8698094
1417135784229, 0.3055251, -0.3550418, 0.8716198
1417135784262, 0.3048196, -0.3543146, 0.8717198
1417135784294, 0.304191, -0.3535061, 0.872269
1417135784329, 0.30353, -0.35109, 0.8740312
1417135784361, 0.3032488, -0.3489558, 0.8753029
1417135784394, 0.310878, -0.3263946, 0.9023522
1417135784429, 0.310948, -0.3262794, 0.9023607
1417135784462, 0.3109577, -0.3262606, 0.9022702
1417135784495, 0.3110199, -0.326322, 0.9020184
1417135784529, 0.3110234, -0.3265644, 0.9010994
1417135784561, 0.3110819, -0.3269313, 0.9000918
1417135784595, 0.3111798, -0.3280817, 0.8988283
1417135784628, 0.3116069, -0.3296149, 0.8968922
1417135784661, 0.3116395, -0.3299486, 0.894595
1417135784695, 0.3117098, -0.3309065, 0.892697
1417135784728, 0.3125728, -0.3459816, 0.8942266
1417135784761, 0.3125638, -0.3463451, 0.8928281
1417135784795, 0.3131248, -0.34687, 0.8906
1417135784829, 0.314242, -0.3474077, 0.8877831
1417135784861, 0.3154177, -0.34989, 0.8867826
1417135784894, 0.315642, -0.3508647, 0.8860958
1417135784929, 0.3162697, -0.3535717, 0.8857402
1417135784962, 0.3181684, -0.3600354, 0.8785723
1417135784995, 0.3197209, -0.3677592, 0.8739036
1417135785029, 0.3193573, -0.370456, 0.8737829
1417135785061, 0.3171601, -0.3696312, 0.8754081
1417135785095, 0.3155387, -0.3691539, 0.8763109
1417135785129, 0.3139961, -0.3678481, 0.8776681
1417135785161, 0.3122833, -0.3670535, 0.8779351
1417135785195, 0.3104316, -0.3658471, 0.8783081
1417135785229, 0.3087893, -0.3645489, 0.8782693
1417135785261, 0.3074981, -0.363659, 0.8789958
1417135785295, 0.3054256, -0.3624373, 0.8794465
1417135785328, 0.3035842, -0.3610177, 0.8808112
1417135785361, 0.2996335, -0.3548326, 0.8812323
1417135785396, 0.2906784, -0.3550315, 0.8956645
1417135785429, 0.2880497, -0.3545397, 0.8981677
1417135785462, 0.2831001, -0.3488956, 0.900245
1417135785495, 0.2801806, -0.3447196, 0.9019912
1417135785529, 0.2778338, -0.3450297, 0.9075402
1417135785562, 0.2753214, -0.3440577, 0.9129585
1417135785595, 0.2722937, -0.3459995, 0.9175462
1417135785629, 0.2631599, -0.3404291, 0.9370539
1417135785662, 0.2592432, -0.3382403, 0.9194646
1417135785695, 0.2613875, -0.3518264, 0.8740842
1417135785728, 0.2624621, -0.3552269, 0.8743024
1417135785762, 0.2647685, -0.3628246, 0.8749905
1417135785795, 0.2688587, -0.3679328, 0.8769953
1417135785829, 0.2740051, -0.4071349, 0.8581989
1417135785862, 0.2752476, -0.4123966, 0.8573741
1417135785896, 0.2768461, -0.4153635, 0.8563998
1417135785928, 0.2833976, -0.4455399, 0.8473624
1417135785961, 0.282524, -0.4485011, 0.8522213
1417135785994, 0.2752815, -0.4580631, 0.875903
1417135786029, 0.2754888, -0.4614599, 0.8768817
1417135786061, 0.2751778, -0.4630874, 0.8794593
1417135786095, 0.2757383, -0.4654949, 0.8800322
1417135786129, 0.2760836, -0.4699886, 0.8804797
1417135786161, 0.2781971, -0.4709651, 0.880448
1417135786195, 0.2801657, -0.4754439, 0.8795766
1417135786229, 0.2781306, -0.4833323, 0.8763735
1417135786261, 0.2786928, -0.4843626, 0.8764416
1417135786294, 0.2803214, -0.4871037, 0.8765655
1417135786328, 0.2845559, -0.4915392, 0.8719493
1417135786361, 0.2862574, -0.4935803, 0.8708917
1417135786394, 0.2869515, -0.4940889, 0.8695489
1417135786428, 0.2874782, -0.4940513, 0.8687865
1417135786461, 0.2877795, -0.4941197, 0.8684139
1417135786493, 0.287215, -0.4944113, 0.8728862
1417135786528, 0.2884143, -0.4957395, 0.8738548
1417135786561, 0.2882174, -0.4974276, 0.8788475
1417135786595, 0.2885321, -0.4939021, 0.9022598
1417135786629, 0.2885239, -0.4942583, 0.9026755
1417135786661, 0.2884679, -0.4942809, 0.9034536
1417135786694, 0.2884781, -0.4943493, 0.9035182
1417135786729, 0.2884743, -0.4949434, 0.9040406
1417135786761, 0.2884693, -0.4952054, 0.9042042
1417135786794, 0.2884896, -0.4956852, 0.9029516
1417135786828, 0.291623, -0.4988841, 0.8933556
1417135786861, 0.2919137, -0.5009795, 0.8964973
1417135786895, 0.2924771, -0.5007772, 0.8962647
1417135786929, 0.2929104, -0.5005401, 0.8975977
1417135786961, 0.2938613, -0.5002331, 0.8990728
1417135786994, 0.2960495, -0.5022398, 0.8997238
1417135787028, 0.299209, -0.5069747, 0.9036993
1417135787060, 0.2998231, -0.5078406, 0.9025396
1417135787094, 0.3003434, -0.5073966, 0.9042425
1417135787128, 0.300494, -0.5052452, 0.9067994
1417135787161, 0.3004887, -0.504152, 0.907322
1417135787194, 0.3006965, -0.5042107, 0.9069447
1417135787228, 0.3012649, -0.5063735, 0.9062238
1417135787261, 0.2983434, -0.5017372, 0.9152429
1417135787293, 0.2953813, -0.497766, 0.9154999
1417135787328, 0.2938065, -0.4924025, 0.9173913
1417135787362, 0.2935978, -0.4920596, 0.9167643
1417135787393, 0.2931921, -0.4918011, 0.9161917
1417135787429, 0.2930054, -0.4917649, 0.9161047
1417135787461, 0.292656, -0.4912858, 0.9154004
1417135787494, 0.2926129, -0.4913434, 0.9154229
1417135787528, 0.292597, -0.4916669, 0.9153411
1417135787561, 0.2925439, -0.491585, 0.9151121
1417135787595, 0.292534, -0.4914902, 0.9151751
1417135787628, 0.2925245, -0.4914767, 0.9151884
1417135787661, 0.2929296, -0.4911512, 0.9145383
1417135787694, 0.2934302, -0.491748, 0.9137871
1417135787729, 0.2934259, -0.4916088, 0.914128
1417135787761, 0.2937496, -0.4917347, 0.9134911
1417135787793, 0.2936556, -0.4916755, 0.9135583
1417135787829, 0.2937497, -0.4918412, 0.9133211
1417135787861, 0.2937509, -0.4919758, 0.9132997
1417135787895, 0.293646, -0.4922096, 0.9132475
1417135787928, 0.293546, -0.4921986, 0.9132849
1417135787960, 0.2935323, -0.492594, 0.9124904
1417135787994, 0.2931966, -0.4923809, 0.9123673
1417135788028, 0.2930404, -0.4920505, 0.9124764
1417135788060, 0.292906, -0.4916022, 0.9121271
1417135788094, 0.2927361, -0.4916438, 0.9119795
