timestamp  X  Y  Z  
1418703857725, -0.2565689, -0.5012982, 1.848545
1418703857756, -0.2565958, -0.5017139, 1.852113
1418703857790, -0.257548, -0.5040658, 1.859958
1418703857824, -0.2575692, -0.5031505, 1.867933
1418703857856, -0.256459, -0.5015996, 1.874893
1418703857890, -0.2544076, -0.4980592, 1.882821
1418703857924, -0.2505993, -0.4956631, 1.891783
1418703857956, -0.2456541, -0.494537, 1.904902
1418703857991, -0.2392075, -0.4962229, 1.918547
1418703858024, -0.2296949, -0.5044101, 1.934485
1418703858056, -0.2199069, -0.5093159, 1.952662
1418703858090, -0.2069928, -0.5160643, 1.975281
1418703858124, -0.1956639, -0.5214036, 1.997412
1418703858156, -0.1820879, -0.5279049, 2.022725
1418703858190, -0.1734304, -0.5323086, 2.044865
1418703858223, -0.1654409, -0.5362456, 2.06885
1418703858256, -0.1602571, -0.5383375, 2.090423
1418703858290, -0.1570401, -0.538859, 2.114622
1418703858323, -0.1562672, -0.5368127, 2.13558
1418703858356, -0.1564124, -0.5336354, 2.157415
1418703858390, -0.1561096, -0.5287553, 2.177915
1418703858423, -0.1552297, -0.524998, 2.196372
1418703858456, -0.1557567, -0.5226762, 2.216908
1418703858489, -0.1563583, -0.5237997, 2.238421
1418703858523, -0.1561635, -0.5284759, 2.258597
1418703858556, -0.1546549, -0.5357571, 2.279814
1418703858590, -0.1558857, -0.5446184, 2.305531
1418703858623, -0.1551893, -0.5542141, 2.334666
1418703858656, -0.1571513, -0.5658388, 2.372468
1418703858689, -0.1603596, -0.5740028, 2.400283
1418703858723, -0.1620788, -0.5849285, 2.442372
1418703858757, -0.1637427, -0.5904731, 2.473239
1418703858791, -0.1647285, -0.5922886, 2.501663
1418703858823, -0.1678214, -0.5936105, 2.529901
1418703858856, -0.1655314, -0.591115, 2.554569
1418703858890, -0.1627147, -0.5886016, 2.579597
1418703858923, -0.1605328, -0.588345, 2.603006
1418703858956, -0.1604536, -0.5857154, 2.629896
1418703858989, -0.1599462, -0.5883619, 2.648159
1418703859023, -0.1560808, -0.5915655, 2.67058
1418703859055, -0.1529042, -0.5960864, 2.693882
1418703859090, -0.1502491, -0.5992101, 2.713574
1418703859122, -0.1479512, -0.6041427, 2.739906
1418703859156, -0.1440986, -0.6110702, 2.766794
1418703859190, -0.1394396, -0.6194009, 2.796648
1418703859223, -0.1375171, -0.629568, 2.82505
1418703859256, -0.1300912, -0.6415339, 2.864032
1418703859289, -0.129037, -0.6552758, 2.901832
1418703859322, -0.117744, -0.665996, 2.937175
1418703859356, -0.1180839, -0.6795921, 2.977583
1418703859390, -0.1129701, -0.6826691, 3.000967
1418703859422, -0.1130903, -0.6852248, 3.029396
1418703859455, -0.1116624, -0.683563, 3.048292
1418703859489, -0.1104655, -0.677847, 3.072592
1418703859522, -0.1113129, -0.6716065, 3.097944
1418703859556, -0.1161498, -0.6661338, 3.11839
1418703859590, -0.1173524, -0.6648656, 3.14206
1418703859622, -0.1210377, -0.6653262, 3.164979
1418703859655, -0.1250069, -0.6677009, 3.186412
1418703859689, -0.1294444, -0.6714708, 3.21022
1418703859723, -0.129647, -0.676445, 3.232754
1418703859756, -0.1359924, -0.6844825, 3.262249
1418703859790, -0.1432712, -0.6899834, 3.292789
1418703859822, -0.15082, -0.6988948, 3.327605
1418703859855, -0.1595524, -0.705869, 3.367564
1418703859889, -0.1622742, -0.7105673, 3.389832
1418703859922, -0.1654831, -0.7187096, 3.427421
1418703859954, -0.1696288, -0.7212986, 3.448024
1418703859989, -0.1744004, -0.723677, 3.478245
1418703860022, -0.1772245, -0.7225795, 3.492069
1418703860055, -0.1812758, -0.7212696, 3.517767
1418703860090, -0.1823397, -0.7201466, 3.538386
1418703860123, -0.1827888, -0.7205831, 3.553272
1418703860155, -0.1808234, -0.7197282, 3.569015
1418703860189, -0.1796158, -0.7220154, 3.584792
1418703860223, -0.1788766, -0.7227628, 3.598718
1418703860256, -0.1758852, -0.7243508, 3.613693
1418703860289, -0.1701963, -0.7246308, 3.633416
1418703860323, -0.1603054, -0.7248814, 3.653065
1418703860354, -0.1543411, -0.7285694, 3.670932
1418703860390, -0.1488702, -0.7359723, 3.693571
1418703860422, -0.1412081, -0.7464322, 3.721236
1418703860456, -0.1345472, -0.7527594, 3.742811
1418703860490, -0.1242218, -0.7634402, 3.77506
1418703860522, -0.1140512, -0.7680681, 3.800703
1418703860555, -0.1037569, -0.7808217, 3.833434
1418703860590, -0.09884644, -0.7844753, 3.85685
1418703860622, -0.09385995, -0.7885684, 3.877723
1418703860655, -0.09096356, -0.7888233, 3.899749
1418703860690, -0.09123387, -0.7875414, 3.918458
1418703860723, -0.09068755, -0.7855862, 3.935273
1418703860756, -0.08956333, -0.7836549, 3.949759
1418703860790, -0.08951994, -0.7824443, 3.961088
1418703860822, -0.09091577, -0.7821013, 3.974878
1418703860854, -0.0905198, -0.7842307, 3.986222
1418703860889, -0.08929716, -0.7845284, 3.999145
1418703860923, -0.08911077, -0.7870038, 4.010212
1418703860955, -0.08963742, -0.7879845, 4.020044
1418703860990, -0.09134592, -0.7889094, 4.031986
1418703861022, -0.09386102, -0.7907844, 4.048157
1418703861055, -0.09928052, -0.7943741, 4.062014
1418703861089, -0.1059761, -0.7959683, 4.078979
1418703861122, -0.1108373, -0.8007428, 4.098157
1418703861155, -0.1195634, -0.8046305, 4.118455
1418703861189, -0.1210517, -0.8104754, 4.136479
1418703861223, -0.1336911, -0.830712, 4.166403
1418703861256, -0.1369574, -0.8301808, 4.17645
1418703861290, -0.1386871, -0.8290581, 4.184593
1418703861322, -0.1416859, -0.8298643, 4.199899
1418703861355, -0.1450513, -0.8312081, 4.204998
1418703861390, -0.1448847, -0.8318192, 4.215064
1418703861422, -0.1469843, -0.8325396, 4.222735
1418703861455, -0.1481324, -0.8310784, 4.230693
1418703861490, -0.1497419, -0.8297029, 4.24305
1418703861523, -0.1456709, -0.8284859, 4.259601
1418703861555, -0.1441525, -0.8269409, 4.270248
1418703861589, -0.143466, -0.8260447, 4.280868
1418703861622, -0.142151, -0.8259087, 4.292127
1418703861655, -0.1406161, -0.8271947, 4.303794
1418703861689, -0.1389188, -0.8288308, 4.315832
1418703861723, -0.1363904, -0.8275674, 4.332336
1418703861756, -0.1334871, -0.8306582, 4.343686
1418703861790, -0.1249045, -0.8343711, 4.365391
1418703861823, -0.1058548, -0.8484396, 4.407837
1418703861855, -0.1010886, -0.8521731, 4.417445
1418703861889, -0.09664625, -0.8573754, 4.436421
1418703861922, -0.09473608, -0.8605877, 4.452628
1418703861954, -0.09715535, -0.8601891, 4.461191
1418703861988, -0.09643793, -0.8585615, 4.472427
1418703862020, -0.08950371, -0.857098, 4.489637
1418703862054, -0.08397591, -0.8569204, 4.500021
1418703862089, -0.07579745, -0.8603146, 4.508646
1418703862122, -0.07116528, -0.8623713, 4.516703
1418703862155, -0.06799465, -0.8636854, 4.519475
1418703862190, -0.06510151, -0.8673994, 4.522316
1418703862223, -0.06342327, -0.8685498, 4.52469
1418703862255, -0.07325726, -0.9390464, 4.532638
1418703862290, -0.0595031, -0.8943051, 4.535536
1418703862322, -0.06335799, -0.8951418, 4.534799
1418703862355, -0.05209308, -0.9582482, 4.529824
1418703862389, -0.04977243, -0.961712, 4.528995
1418703862423, -0.05177549, -0.957715, 4.533977
1418703862456, -0.05756536, -0.9605734, 4.53676
1418703862489, -0.07847492, -0.9653921, 4.541071
1418703862522, -0.08186936, -0.9828352, 4.542425
1418703862555, -0.1209768, -1.017143, 4.532789
1418703862589, -0.1201489, -1.00949, 4.536746
1418703862621, -0.1199586, -1.008572, 4.53761
1418703862655, -0.1211396, -1.006512, 4.538696
1418703862689, -0.1254997, -0.9994767, 4.540763
1418703862722, -0.1253125, -0.9947937, 4.540776
1418703862756, -0.124477, -0.9923668, 4.541451
1418703862789, -0.1239166, -0.9918485, 4.541444
1418703862823, -0.1254971, -1.03698, 4.544436
1418703862855, -0.1237037, -1.033583, 4.543278
1418703862889, -0.1245605, -1.035769, 4.54107
1418703862922, -0.1068856, -1.046757, 4.532558
1418703862956, -0.1022929, -1.022551, 4.534253
1418703862990, -0.1015344, -1.024337, 4.531514
1418703863023, -0.09951126, -1.023726, 4.52862
1418703863055, -0.097539, -1.007121, 4.519812
1418703863089, -0.1061549, -0.9555999, 4.518621
1418703863123, -0.08944213, -0.9678078, 4.511752
1418703863155, -0.07592255, -0.8942686, 4.517396
1418703863188, -0.07646444, -0.878646, 4.515167
1418703863220, -0.0766409, -0.878165, 4.514269
1418703863256, -0.07805137, -0.8727911, 4.509998
1418703863290, -0.07913175, -0.8679147, 4.504275
1418703863322, -0.08046152, -0.8666525, 4.502004
1418703863356, -0.08546231, -0.8592107, 4.495199
1418703863389, -0.08712397, -0.8573574, 4.492329
1418703863422, -0.08911753, -0.8559265, 4.488081
1418703863455, -0.09039889, -0.85471, 4.485096
1418703863491, -0.09107063, -0.8534068, 4.479497
1418703863522, -0.09196778, -0.8529006, 4.471018
1418703863555, -0.09046732, -0.8496861, 4.461183
1418703863590, -0.08963034, -0.8473304, 4.451022
1418703863622, -0.08752638, -0.8466447, 4.439784
1418703863655, -0.08440965, -0.8443221, 4.42473
1418703863690, -0.08278245, -0.8451803, 4.407837
1418703863724, -0.07989188, -0.8462147, 4.391361
1418703863756, -0.0745315, -0.8416594, 4.370029
1418703863789, -0.07193772, -0.8379567, 4.354424
1418703863822, -0.06888337, -0.8350759, 4.34376
1418703863854, -0.06480465, -0.8302051, 4.327991
1418703863889, -0.06334982, -0.8281062, 4.32061
1418703863923, -0.0620422, -0.8239603, 4.312046
1418703863955, -0.06094256, -0.821532, 4.30304
1418703863989, -0.06072332, -0.8198333, 4.297539
1418703864022, -0.05965881, -0.8168854, 4.292892
1418703864056, -0.06011004, -0.8158506, 4.286757
1418703864089, -0.06096554, -0.8148288, 4.279706
1418703864122, -0.06139445, -0.815267, 4.272041
1418703864156, -0.06115498, -0.8144787, 4.259457
1418703864190, -0.0622024, -0.8144724, 4.252927
1418703864223, -0.06338453, -0.8124645, 4.246238
1418703864256, -0.0652333, -0.8111668, 4.239109
1418703864289, -0.0668129, -0.8107425, 4.233914
1418703864323, -0.06834511, -0.810553, 4.228426
1418703864354, -0.06891361, -0.8093609, 4.223014
1418703864390, -0.07094593, -0.8086725, 4.219415
1418703864423, -0.07274524, -0.8090547, 4.215496
1418703864455, -0.07420039, -0.808899, 4.211981
1418703864489, -0.07555523, -0.8089961, 4.208355
1418703864522, -0.07728, -0.8094643, 4.205595
1418703864555, -0.07956613, -0.8087561, 4.203151
1418703864590, -0.08212118, -0.8078238, 4.199667
1418703864622, -0.08484469, -0.8081688, 4.19729
1418703864655, -0.0859518, -0.8070769, 4.194122
1418703864689, -0.08688527, -0.8068714, 4.189692
1418703864723, -0.08808649, -0.8066474, 4.187213
1418703864756, -0.08825681, -0.8069902, 4.185119
1418703864789, -0.08856454, -0.8069003, 4.182351
1418703864822, -0.0895908, -0.8071091, 4.179985
1418703864855, -0.09065786, -0.8071551, 4.177723
1418703864889, -0.09018896, -0.8072357, 4.176437
1418703864922, -0.09052943, -0.8078771, 4.17461
1418703864955, -0.0913846, -0.8075978, 4.171998
1418703864989, -0.09052169, -0.8075995, 4.170197
1418703865023, -0.09285635, -0.8074751, 4.167851
1418703865055, -0.1010086, -0.8072159, 4.16521
1418703865089, -0.1004774, -0.807488, 4.164729
1418703865122, -0.1035773, -0.8080606, 4.162467
1418703865155, -0.1054773, -0.8075799, 4.161415
1418703865189, -0.1061412, -0.8061762, 4.159859
1418703865223, -0.1060991, -0.8056011, 4.15936
1418703865256, -0.1055588, -0.8059753, 4.158914
1418703865289, -0.1038305, -0.8059408, 4.158577
1418703865322, -0.09767801, -0.8073702, 4.160359
1418703865353, -0.09744106, -0.8074006, 4.160102
1418703865388, -0.09670351, -0.8081846, 4.160187
1418703865422, -0.09562926, -0.8081907, 4.160323
1418703865454, -0.09478155, -0.8083587, 4.160562
1418703865488, -0.09426557, -0.8084586, 4.160835
1418703865520, -0.09418259, -0.8084392, 4.160843
1418703865554, -0.09409625, -0.808408, 4.160915
1418703865588, -0.09400171, -0.8084411, 4.160611
1418703865622, -0.09416108, -0.8084876, 4.160626
1418703865654, -0.09398869, -0.8083419, 4.160499
1418703865688, -0.09400912, -0.8084043, 4.160508
1418703865722, -0.09397493, -0.8084993, 4.16049
1418703865754, -0.09413382, -0.8086407, 4.16051
1418703865788, -0.09420312, -0.8086584, 4.160507
1418703865822, -0.09441247, -0.8088572, 4.160609
1418703865853, -0.09466967, -0.8088168, 4.159724
1418703865888, -0.09559277, -0.8089866, 4.157702
1418703865922, -0.0975325, -0.8091937, 4.15448
1418703865955, -0.0990817, -0.80948, 4.151872
1418703865989, -0.1015147, -0.8090926, 4.146599
1418703866022, -0.1047921, -0.8095261, 4.141612
1418703866055, -0.1057634, -0.8099962, 4.137684
1418703866089, -0.1078942, -0.8099732, 4.132395
1418703866123, -0.1109843, -0.8105805, 4.125587
1418703866155, -0.1122776, -0.8107837, 4.119372
1418703866189, -0.1129277, -0.8095815, 4.110489
1418703866223, -0.1120359, -0.8094715, 4.098802
1418703866255, -0.1101361, -0.8085583, 4.087336
1418703866288, -0.1082844, -0.8089272, 4.072076
1418703866322, -0.107585, -0.8084053, 4.055308
1418703866354, -0.1053956, -0.810573, 4.036753
1418703866389, -0.1020082, -0.8101245, 4.015358
1418703866423, -0.1000162, -0.809695, 3.993412
1418703866456, -0.09503049, -0.8067125, 3.958999
1418703866490, -0.09378751, -0.8084894, 3.937598
1418703866522, -0.08900918, -0.8078499, 3.902369
1418703866554, -0.08013278, -0.7995649, 3.86441
1418703866590, -0.07624118, -0.7901245, 3.831532
1418703866622, -0.069576, -0.7783192, 3.794697
1418703866655, -0.06237974, -0.7684479, 3.766004
1418703866689, -0.05282873, -0.7609228, 3.735636
1418703866723, -0.05125211, -0.7563657, 3.713705
1418703866756, -0.04814271, -0.7513041, 3.686148
1418703866790, -0.04261743, -0.7462775, 3.664042
1418703866823, -0.03986892, -0.7421506, 3.63991
1418703866856, -0.04008352, -0.7370951, 3.615148
1418703866889, -0.03837483, -0.7367585, 3.586795
1418703866923, -0.03970555, -0.7344582, 3.555544
1418703866956, -0.03989607, -0.7347169, 3.525438
1418703866989, -0.04024394, -0.7418253, 3.482209
1418703867023, -0.03977356, -0.7399588, 3.46314
1418703867055, -0.04563823, -0.7417518, 3.417347
1418703867090, -0.04269714, -0.7392923, 3.389364
1418703867122, -0.04755709, -0.730527, 3.334981
1418703867155, -0.05103401, -0.7152042, 3.290772
1418703867189, -0.05655878, -0.7027386, 3.245291
1418703867223, -0.06263003, -0.6891636, 3.210905
1418703867256, -0.06694663, -0.6775087, 3.173975
1418703867289, -0.07062899, -0.6715939, 3.142007
1418703867323, -0.07515659, -0.6671643, 3.109571
1418703867354, -0.07598136, -0.6601406, 3.082183
1418703867389, -0.07673682, -0.6567078, 3.049781
1418703867423, -0.07746871, -0.6554452, 3.018615
1418703867453, -0.07875811, -0.6566338, 2.984757
1418703867488, -0.07848819, -0.653697, 2.949018
1418703867522, -0.07945342, -0.6540143, 2.916796
1418703867555, -0.07914802, -0.6560377, 2.878964
1418703867589, -0.07687564, -0.6523749, 2.842277
1418703867623, -0.07407589, -0.649052, 2.801312
1418703867656, -0.07539994, -0.6419929, 2.759312
1418703867689, -0.07268269, -0.6335775, 2.709694
1418703867724, -0.07356731, -0.6206035, 2.670289
1418703867756, -0.06652539, -0.6053593, 2.621562
1418703867790, -0.06277107, -0.5980969, 2.59334
1418703867823, -0.06173373, -0.5863688, 2.548576
1418703867856, -0.06072184, -0.5812293, 2.525751
1418703867890, -0.06182329, -0.572085, 2.488327
1418703867923, -0.06198753, -0.5678363, 2.463722
1418703867956, -0.06079935, -0.5623869, 2.426692
1418703867990, -0.06071303, -0.559361, 2.401077
1418703868023, -0.06217305, -0.5608231, 2.364914
1418703868056, -0.06393655, -0.5628014, 2.325395
1418703868090, -0.06638364, -0.5647237, 2.288457
1418703868123, -0.07001815, -0.563122, 2.248768
1418703868156, -0.07373632, -0.5583303, 2.205673
1418703868189, -0.07610577, -0.5479465, 2.156546
1418703868224, -0.08536181, -0.5381394, 2.113896
1418703868256, -0.09145006, -0.5288457, 2.080748
1418703868289, -0.09998465, -0.5223014, 2.044427
1418703868322, -0.1041348, -0.51486, 2.008822
1418703868355, -0.109687, -0.5071607, 1.981402
1418703868390, -0.1124889, -0.4976268, 1.944884
1418703868423, -0.1118447, -0.4921468, 1.91967
1418703868456, -0.11263, -0.4867147, 1.886114
1418703868490, -0.114412, -0.4855401, 1.85534
1418703868522, -0.1147877, -0.4845097, 1.825968
1418703868556, -0.1130675, -0.4856086, 1.792739
1418703868590, -0.1105488, -0.4865265, 1.75898
1418703868624, -0.1095485, -0.4869281, 1.724004
1418703868657, -0.106486, -0.4869218, 1.683732
1418703868691, -0.1067464, -0.4852555, 1.643644
1418703868723, -0.1046871, -0.4796413, 1.599436
1418703868757, -0.09562512, -0.4733489, 1.558011
1418703868791, -0.08933471, -0.4622974, 1.518384
1418703868824, -0.08518712, -0.4544094, 1.484391
1418703868857, -0.08135448, -0.4473729, 1.453271
1418703868892, -0.08061113, -0.4396055, 1.423433
1418703868923, -0.07943912, -0.4315068, 1.397058
1418703868957, -0.07853071, -0.4230376, 1.368478
1418703868991, -0.07584282, -0.4148947, 1.342404
1418703869024, -0.07523434, -0.4119902, 1.316206
1418703869057, -0.07497998, -0.4114237, 1.287656
1418703869092, -0.07518871, -0.4120249, 1.260038
1418703869125, -0.07472333, -0.4127435, 1.233129
1418703869157, -0.07810057, -0.4138935, 1.202146
1418703869191, -0.08329117, -0.4142208, 1.177046
1418703869224, -0.08402472, -0.4137166, 1.145282
1418703869258, -0.0763481, -0.4087519, 1.098716
1418703869292, -0.07660457, -0.4039911, 1.071483
1418703869325, -0.0783252, -0.3948984, 1.033105
1418703869358, -0.08301352, -0.3907201, 1.011054
1418703869392, -0.08407048, -0.3812643, 0.9781526
1418703869425, -0.08778936, -0.3752874, 0.9552878
1418703869458, -0.08838881, -0.3685461, 0.9336859
1418703869492, -0.08524729, -0.3621634, 0.9153958
1418703869525, -0.08277363, -0.3570371, 0.897311
1418703869558, -0.08370707, -0.352313, 0.8765007
1418703869593, -0.08509815, -0.3498512, 0.858963
1418703869626, -0.08777186, -0.3477913, 0.8400508
1418703869659, -0.08908877, -0.3468195, 0.8193935
1418703869692, -0.08920081, -0.3461729, 0.7986
1418703869725, -0.0881149, -0.3458044, 0.7783358
1418703869759, -0.09214585, -0.3468654, 0.7580401
1418703869792, -0.08901093, -0.3482056, 0.7402704
1418703869826, -0.07044722, -0.3507883, 0.7241716
1418703869860, -0.05816577, -0.3718734, 0.7494236
1418703869892, -0.05092637, -0.3542122, 0.6953528
1418703869926, -0.04370804, -0.3601781, 0.7133026
1418703869959, -0.03987595, -0.3502526, 0.7107723
1418703869993, -0.03311905, -0.3331714, 0.6970567
1418703870025, 0.03867485, -0.322604, 0.6664564
1418703870057, 0.03776465, -0.3240996, 0.6647985
1418703870091, 0.03099408, -0.2915244, 0.6017535
1418703870123, 0.02930118, -0.3051444, 0.5922887
1418703870156, 0.03087052, -0.2936527, 0.5826644
1418703879490, -0.001124527, -0.2981019, 1.084998
1418703879523, -0.001416023, -0.3023274, 1.10361
1418703879556, -0.001484495, -0.3102259, 1.145793
1418703879591, -0.001695038, -0.3139191, 1.175743
1418703879624, -0.001184575, -0.3204524, 1.218075
1418703879657, -0.001384734, -0.3231678, 1.247978
1418703879691, -0.004451182, -0.3273526, 1.286042
1418703879725, -0.002977259, -0.3258696, 1.313807
1418703879757, -0.001802352, -0.3237317, 1.340519
1418703879791, -0.0008740796, -0.3196278, 1.365853
1418703879824, 0.000510025, -0.3126966, 1.392896
1418703879856, 0.002899659, -0.3077011, 1.415834
1418703879891, 0.006313297, -0.3042537, 1.43959
1418703879923, 0.009982658, -0.3041119, 1.464141
1418703879956, 0.01302573, -0.3054402, 1.48853
1418703879991, 0.01683771, -0.3079309, 1.512067
1418703880023, 0.02085805, -0.3118149, 1.538625
1418703880057, 0.02515844, -0.3164702, 1.567774
1418703880090, 0.03002769, -0.3199151, 1.596588
1418703880123, 0.03766063, -0.3246292, 1.632397
1418703880156, 0.04555572, -0.3318805, 1.672507
1418703880190, 0.05506836, -0.3370141, 1.714207
1418703880222, 0.05889159, -0.341544, 1.762292
1418703880255, 0.0628434, -0.3419587, 1.790316
1418703880289, 0.06902684, -0.3404076, 1.825082
1418703880323, 0.0721162, -0.3353559, 1.850159
1418703880355, 0.07356159, -0.3242955, 1.883892
1418703880390, 0.0712814, -0.3172922, 1.908102
1418703880423, 0.0684687, -0.3094741, 1.935102
1418703880455, 0.06622276, -0.3056213, 1.959353
1418703880490, 0.06745394, -0.3041838, 1.983402
1418703880522, 0.06884351, -0.3058124, 2.011121
1418703880555, 0.06737223, -0.3115204, 2.04312
1418703880589, 0.06488445, -0.3192407, 2.073244
1418703880623, 0.06170604, -0.3250421, 2.11437
1418703880656, 0.05778938, -0.334157, 2.150932
1418703880689, 0.05400579, -0.3427886, 2.201843
1418703880723, 0.05077885, -0.3461124, 2.239902
1418703880756, 0.04848203, -0.3505437, 2.283728
1418703880789, 0.04434351, -0.3515353, 2.312479
1418703880822, 0.04085976, -0.3483679, 2.352915
1418703880856, 0.04045272, -0.3414252, 2.378142
1418703880889, 0.04057829, -0.332747, 2.41434
1418703880923, 0.04169859, -0.330121, 2.439233
1418703880955, 0.04277255, -0.3325317, 2.466256
1418703880990, 0.04189015, -0.3357455, 2.498344
1418703881022, 0.04232042, -0.3408478, 2.52213
1418703881055, 0.0430766, -0.345419, 2.553853
1418703881089, 0.04355755, -0.3489751, 2.580275
1418703881122, 0.0435208, -0.3558548, 2.619677
1418703881155, 0.04128189, -0.3631019, 2.651197
1418703881189, 0.04487285, -0.3731298, 2.692917
1418703881222, 0.04746583, -0.3825068, 2.733556
1418703881255, 0.04762483, -0.3921625, 2.778861
1418703881290, 0.05267309, -0.3964878, 2.815031
1418703881322, 0.05253261, -0.4014231, 2.85018
1418703881356, 0.05503421, -0.4004283, 2.878936
1418703881389, 0.05717988, -0.3952877, 2.904342
1418703881422, 0.05789204, -0.3853779, 2.933436
1418703881454, 0.05616733, -0.3756753, 2.959654
1418703881490, 0.04811437, -0.3691345, 2.985127
1418703881521, 0.04243717, -0.3683636, 3.011138
1418703881555, 0.04193295, -0.3683846, 3.028468
1418703881589, 0.04154415, -0.3715932, 3.055394
1418703881623, 0.03979488, -0.3750353, 3.077298
1418703881654, 0.03572105, -0.378309, 3.09996
1418703881690, 0.03091664, -0.3829742, 3.13148
1418703881722, 0.02327006, -0.3881232, 3.162442
1418703881755, 0.01755952, -0.3921022, 3.195314
1418703881790, 0.006654023, -0.3947212, 3.236048
1418703881822, 0.0008739248, -0.3986422, 3.262406
1418703881854, -0.007191622, -0.4025825, 3.307914
1418703881889, -0.01252886, -0.4064598, 3.331365
1418703881923, -0.0204963, -0.4090507, 3.363331
1418703881955, -0.02489254, -0.4055133, 3.380791
1418703881990, -0.0301804, -0.3996389, 3.408744
1418703882022, -0.03227463, -0.3932976, 3.427839
1418703882055, -0.03665968, -0.3904629, 3.446318
1418703882089, -0.03871761, -0.3886029, 3.463195
1418703882121, -0.04305304, -0.3905298, 3.479403
1418703882155, -0.04574332, -0.3903951, 3.493075
1418703882189, -0.04883963, -0.3884464, 3.508005
1418703882222, -0.04962601, -0.3877126, 3.523375
1418703882254, -0.05154718, -0.3879166, 3.538464
1418703882289, -0.05174488, -0.387733, 3.554115
1418703882321, -0.05158296, -0.3873452, 3.571172
1418703882354, -0.05212003, -0.3865638, 3.589584
1418703882390, -0.04917342, -0.387912, 3.608456
1418703882423, -0.04688812, -0.3904477, 3.635228
1418703882454, -0.04571652, -0.3903618, 3.652276
1418703882489, -0.04573058, -0.3897062, 3.672176
1418703882521, -0.04488536, -0.3914454, 3.689269
1418703882553, -0.04383617, -0.3906069, 3.702481
1418703882588, -0.0429747, -0.3896298, 3.710003
1418703882622, -0.04363341, -0.3873589, 3.717366
1418703882653, -0.04502181, -0.386574, 3.723684
1418703882688, -0.04739547, -0.3853678, 3.730035
1418703882721, -0.04968422, -0.3836743, 3.735561
1418703882753, -0.05212299, -0.3833556, 3.741009
1418703882787, -0.05493234, -0.3829854, 3.74448
1418703882821, -0.05842113, -0.3828287, 3.749288
1418703882855, -0.06134544, -0.3825413, 3.753443
1418703882887, -0.06567378, -0.3824864, 3.756324
1418703882919, -0.07212433, -0.3824025, 3.758855
1418703882954, -0.07842644, -0.3840676, 3.760123
1418703882987, -0.08676071, -0.3846042, 3.7618
1418703883020, -0.0949346, -0.3847511, 3.761915
1418703883053, -0.10884, -0.3852838, 3.76204
1418703883088, -0.1213685, -0.3847655, 3.758648
1418703883120, -0.1343312, -0.3855441, 3.754802
1418703883153, -0.1486249, -0.3864673, 3.751932
1418703883186, -0.1662896, -0.3856194, 3.748104
1418703883221, -0.1809178, -0.3856207, 3.744546
1418703883255, -0.1942396, -0.3863544, 3.741421
1418703883286, -0.2070334, -0.3878082, 3.737385
1418703883320, -0.2199275, -0.3881821, 3.732877
1418703883355, -0.2273973, -0.3879773, 3.728765
1418703883387, -0.2363839, -0.389744, 3.722863
1418703883422, -0.2444238, -0.3893858, 3.716114
1418703883455, -0.2498889, -0.3891113, 3.709139
1418703883487, -0.2570436, -0.3895364, 3.697459
1418703883522, -0.2615716, -0.3901799, 3.688227
1418703883552, -0.2662525, -0.3918243, 3.676989
1418703883586, -0.2688503, -0.3948199, 3.660913
1418703883621, -0.2708361, -0.3978351, 3.648467
1418703883655, -0.2723471, -0.403998, 3.62673
1418703883687, -0.2724336, -0.4054129, 3.598886
1418703883721, -0.2740058, -0.4098355, 3.582999
1418703883754, -0.2752207, -0.4152788, 3.555032
1418703883787, -0.2734638, -0.4196666, 3.522691
1418703883822, -0.2696941, -0.4177345, 3.488821
1418703883853, -0.2647419, -0.4185186, 3.452202
1418703883887, -0.2605426, -0.4129856, 3.412564
1418703883920, -0.2544546, -0.4077097, 3.364955
1418703883953, -0.2482635, -0.4033454, 3.3325
1418703883989, -0.2359086, -0.3983386, 3.286993
1418703884019, -0.2271309, -0.3917286, 3.252483
1418703884054, -0.2215249, -0.3881758, 3.223823
1418703884086, -0.2162855, -0.3824497, 3.192873
1418703884120, -0.2116982, -0.3786765, 3.166471
1418703884154, -0.2093994, -0.3741644, 3.131592
1418703884189, -0.2179147, -0.3768587, 3.106328
1418703884220, -0.2227505, -0.3778846, 3.075416
1418703884255, -0.215582, -0.3847261, 3.048157
1418703884288, -0.2056001, -0.3918893, 3.013541
1418703884321, -0.2069681, -0.3956587, 2.979054
1418703884355, -0.2123634, -0.3961526, 2.939072
1418703884389, -0.2115147, -0.3923292, 2.892034
1418703884422, -0.2095839, -0.3886515, 2.848415
1418703884455, -0.2134208, -0.3773991, 2.805911
1418703884490, -0.2167532, -0.3709343, 2.756003
1418703884522, -0.2188807, -0.3678587, 2.720079
1418703884553, -0.2281548, -0.3612907, 2.674517
1418703884589, -0.2269931, -0.3554207, 2.646488
1418703884622, -0.2206567, -0.3496151, 2.615423
1418703884655, -0.2203225, -0.3450136, 2.578791
1418703884687, -0.219553, -0.3439594, 2.54505
1418703884722, -0.222503, -0.3459774, 2.509065
1418703884753, -0.2196757, -0.3520901, 2.474029
1418703884787, -0.2209001, -0.3603634, 2.440777
1418703884819, -0.2217378, -0.3704758, 2.400004
1418703884855, -0.2153097, -0.3742408, 2.355457
1418703884889, -0.2160072, -0.3757701, 2.313473
1418703884922, -0.213122, -0.3735588, 2.262534
1418703884955, -0.2054764, -0.3629984, 2.214046
1418703884989, -0.2017465, -0.3549595, 2.172105
1418703885021, -0.1931971, -0.3482732, 2.12676
1418703885055, -0.18264, -0.3419423, 2.089914
1418703885088, -0.1775923, -0.3344131, 2.050335
1418703885120, -0.1745791, -0.3308246, 2.015701
1418703885153, -0.170872, -0.3259937, 1.979877
1418703885187, -0.1683187, -0.3239619, 1.943724
1418703885221, -0.1686231, -0.3226175, 1.907659
1418703885255, -0.166568, -0.3269827, 1.873656
1418703885289, -0.1665469, -0.3301795, 1.839576
1418703885322, -0.1675715, -0.3373378, 1.801547
1418703885355, -0.1670357, -0.3396259, 1.753639
1418703885389, -0.1714277, -0.3423954, 1.715575
1418703885420, -0.1742985, -0.3395365, 1.661251
1418703885455, -0.1805309, -0.336071, 1.611925
1418703885489, -0.1868413, -0.3307486, 1.581015
1418703885521, -0.1930083, -0.3261902, 1.531988
1418703885556, -0.198248, -0.3231174, 1.501961
1418703885588, -0.1998363, -0.3177294, 1.459453
1418703885622, -0.1989163, -0.3119855, 1.433002
1418703885656, -0.1962163, -0.3066249, 1.398507
1418703885688, -0.1948756, -0.3048768, 1.369462
1418703885722, -0.1935996, -0.3052001, 1.337441
1418703885756, -0.1926281, -0.3072129, 1.307256
1418703885790, -0.1906615, -0.3101492, 1.273507
1418703885822, -0.1884624, -0.314207, 1.243148
1418703885857, -0.1825306, -0.3192876, 1.204548
1418703885889, -0.1797389, -0.3238776, 1.170888
1418703885923, -0.173809, -0.3266519, 1.129469
1418703885956, -0.1677861, -0.3281123, 1.086934
1418703885989, -0.1606421, -0.3249058, 1.044824
1418703886023, -0.1544138, -0.3200923, 1.011108
1418703886057, -0.1447695, -0.3159596, 0.9756588
1418703886091, -0.1372966, -0.3120574, 0.9468349
1418703886124, -0.1268219, -0.3083924, 0.9181335
1418703886156, -0.1197355, -0.3059277, 0.8921527
1418703886191, -0.1131389, -0.3041439, 0.8661016
1418703886224, -0.1089085, -0.3030511, 0.8422484
1418703886257, -0.1065313, -0.3036879, 0.8173534
1418703886291, -0.1031751, -0.3074544, 0.7919925
1418703886325, -0.09993203, -0.3096392, 0.7683763
1418703886359, -0.1004615, -0.3130844, 0.7424477
1418703886392, -0.1007011, -0.3153096, 0.7239143
1418703886424, -0.1240954, -0.3480355, 0.7181091
1418703886458, -0.1069136, -0.3327498, 0.7136264
1418703886490, -0.09240534, -0.3262286, 0.6904874
1418703886523, -0.05735867, -0.3728088, 0.6395158
1418703886555, 0.08125597, -0.4422954, 0.6232008
1418703886589, 0.05184657, -0.6363613, 0.552135
1418703888892, 0.01613612, -0.3128576, 1.031636
1418703888925, 0.01449161, -0.3021881, 1.017405
1418703888958, 0.01332796, -0.3008737, 1.021072
1418703888992, 0.00889032, -0.30558, 1.046666
1418703889025, 0.006406247, -0.315084, 1.078952
1418703889057, 0.003082364, -0.3193881, 1.114483
1418703889091, 0.000269557, -0.3193086, 1.154384
1418703889124, -0.0005039552, -0.3207139, 1.196513
1418703889158, -0.001732685, -0.3226599, 1.230906
1418703889190, -0.003178386, -0.329769, 1.273003
1418703889224, -0.004623918, -0.32717, 1.296114
1418703889257, -0.001914729, -0.3218418, 1.33317
1418703889292, -0.0004690904, -0.3174792, 1.354257
1418703889323, 0.002125392, -0.3112628, 1.383359
1418703889358, 0.002087192, -0.3075441, 1.40636
1418703889390, 0.001711647, -0.3053946, 1.435609
1418703889423, 0.002612619, -0.307585, 1.462089
1418703889457, 0.003705555, -0.3131891, 1.494362
1418703889491, 0.006417181, -0.319211, 1.526961
1418703889523, 0.01007427, -0.32229, 1.563535
1418703889557, 0.01337535, -0.3277545, 1.602788
1418703889590, 0.0208512, -0.3354123, 1.6532
1418703889624, 0.02708189, -0.3393247, 1.695632
1418703889657, 0.02982169, -0.3447834, 1.744432
1418703889690, 0.03240884, -0.3462324, 1.78522
1418703889724, 0.03566207, -0.3439445, 1.822322
1418703889756, 0.03507551, -0.3378432, 1.860725
1418703889791, 0.03520034, -0.3303401, 1.889772
1418703889822, 0.03415874, -0.3224892, 1.919541
1418703889856, 0.0342081, -0.3196943, 1.946736
1418703889890, 0.03681421, -0.3196357, 1.972601
1418703889923, 0.03956807, -0.3228137, 2.000294
1418703889956, 0.03979286, -0.3283949, 2.034645
1418703889990, 0.03548899, -0.3345327, 2.065609
1418703890023, 0.03504722, -0.3397985, 2.102762
1418703890056, 0.03592682, -0.350675, 2.147315
1418703890090, 0.0371534, -0.3581049, 2.1892
1418703890123, 0.03836292, -0.362268, 2.231029
1418703890155, 0.03643975, -0.3637307, 2.266696
1418703890190, 0.03588888, -0.3615335, 2.303115
1418703890223, 0.03449156, -0.3564859, 2.337349
1418703890255, 0.03394057, -0.3502831, 2.363103
1418703890289, 0.03748021, -0.3463441, 2.40171
1418703890322, 0.03712596, -0.3437819, 2.418292
1418703890355, 0.03643458, -0.3424446, 2.445166
1418703890389, 0.03553147, -0.3443633, 2.468618
1418703890423, 0.03681369, -0.3502251, 2.495372
1418703890455, 0.03763459, -0.3543984, 2.519566
1418703890489, 0.03971927, -0.3602215, 2.552071
1418703890522, 0.04225397, -0.3668024, 2.584962
1418703890555, 0.04363735, -0.3746729, 2.623526
1418703890590, 0.0474766, -0.3820086, 2.663432
1418703890621, 0.04782486, -0.3898439, 2.705861
1418703890656, 0.04941261, -0.3955327, 2.743515
1418703890689, 0.05178456, -0.3946008, 2.780623
1418703890720, 0.05271585, -0.3943511, 2.805882
1418703890761, 0.05493914, -0.3887811, 2.827373
1418703890790, 0.05490325, -0.3826733, 2.855552
1418703890821, 0.05615776, -0.376999, 2.88233
1418703890855, 0.05181538, -0.3749493, 2.908031
1418703890888, 0.04997221, -0.3712182, 2.934876
1418703890922, 0.04714196, -0.3725569, 2.959728
1418703890955, 0.0419609, -0.3772806, 2.994966
1418703890990, 0.03552737, -0.379619, 3.028624
1418703891022, 0.03044276, -0.3879009, 3.06249
1418703891055, 0.02184147, -0.3947147, 3.104186
1418703891089, 0.01400985, -0.4002718, 3.145683
1418703891124, 0.008243681, -0.4031974, 3.177614
1418703891155, -8.157344E-05, -0.4050607, 3.213245
1418703891189, -0.003529848, -0.4079561, 3.2419
1418703891222, -0.007397599, -0.4040481, 3.267192
1418703891255, -0.009914275, -0.4010128, 3.295848
1418703891289, -0.00986326, -0.398302, 3.316018
1418703891323, -0.009978152, -0.3940371, 3.341655
1418703891356, -0.008411878, -0.3945532, 3.358838
1418703891407, -0.007090301, -0.3949382, 3.382554
1418703891458, -0.004139639, -0.3975436, 3.425147
1418703891510, -0.000445968, -0.397361, 3.446031
1418703891559, 0.01179179, -0.4067433, 3.502361
1418703891609, 0.01671641, -0.4110356, 3.529305
1418703891659, 0.03122707, -0.4184676, 3.590376
1418703891708, 0.04435117, -0.4274504, 3.628452
1418703891758, 0.05180277, -0.4278027, 3.679135
1418703891807, 0.05611335, -0.4276323, 3.696936
1418703891857, 0.05742998, -0.4193971, 3.730608
1418703891908, 0.06023003, -0.4172363, 3.740181
1418703891959, 0.06412301, -0.4163047, 3.76196
1418703892009, 0.06509649, -0.4160473, 3.77061
1418703892058, 0.06387594, -0.4171173, 3.796371
1418703892086, 0.06424991, -0.418236, 3.809329
1418703892121, 0.06159026, -0.4175129, 3.825264
1418703892153, 0.06081577, -0.4182096, 3.838898
1418703892186, 0.05742474, -0.4199734, 3.864983
1418703892220, 0.05120217, -0.4217065, 3.884477
1418703892253, 0.04853207, -0.4226945, 3.902113
1418703892286, 0.04474711, -0.4257498, 3.929832
1418703892321, 0.04267933, -0.4281386, 3.952298
1418703892353, 0.04034062, -0.432225, 3.973543
1418703892386, 0.03667925, -0.4352952, 3.992768
1418703892419, 0.03501479, -0.4365645, 4.008758
1418703892453, 0.03297443, -0.4365687, 4.022092
1418703892487, 0.03200129, -0.4340238, 4.032331
1418703892520, 0.03282349, -0.4301717, 4.043681
1418703892553, 0.03185131, -0.4291116, 4.051299
1418703892587, 0.03284964, -0.4275377, 4.058459
1418703892622, 0.03479315, -0.4267427, 4.063561
1418703892653, 0.03590498, -0.4257561, 4.066814
1418703892687, 0.03778027, -0.425049, 4.070107
1418703892721, 0.03895705, -0.4248371, 4.072562
1418703892753, 0.04027472, -0.4241881, 4.075181
1418703892787, 0.04244075, -0.4244107, 4.077191
1418703892820, 0.04407933, -0.424802, 4.078424
1418703892853, 0.045403, -0.4247415, 4.07844
1418703892887, 0.04836362, -0.4243794, 4.077523
1418703892920, 0.05223151, -0.4250541, 4.076185
1418703892953, 0.05712907, -0.4246766, 4.070848
1418703892986, 0.06351175, -0.4253556, 4.064113
1418703893020, 0.07020015, -0.4255702, 4.054687
1418703893052, 0.07759477, -0.4245804, 4.045986
1418703893086, 0.08334876, -0.4258381, 4.037076
1418703893120, 0.08738024, -0.4258622, 4.030771
1418703893152, 0.0915215, -0.4258051, 4.024662
1418703893186, 0.09617794, -0.4255414, 4.018592
1418703893220, 0.09881075, -0.4239925, 4.013717
1418703893253, 0.1014792, -0.4223869, 4.009808
1418703893286, 0.1028946, -0.4215706, 4.006353
1418703893320, 0.1052644, -0.4213856, 4.001461
1418703893355, 0.1067691, -0.4202479, 3.997677
1418703893389, 0.1067845, -0.4197883, 3.992475
1418703893418, 0.1073138, -0.4194571, 3.987389
1418703893453, 0.1086851, -0.419188, 3.98036
1418703893487, 0.1094022, -0.4189129, 3.971997
1418703893520, 0.1097337, -0.4185297, 3.964789
1418703893553, 0.1097121, -0.4181876, 3.957889
1418703893586, 0.1093144, -0.4182155, 3.9494
1418703893621, 0.1093658, -0.4177457, 3.943004
1418703893653, 0.1078921, -0.4181865, 3.936013
1418703893686, 0.1058321, -0.4184249, 3.92991
1418703893720, 0.1051375, -0.4187052, 3.924056
1418703893753, 0.104114, -0.4190316, 3.919977
1418703893788, 0.1032718, -0.4187027, 3.916603
1418703893820, 0.1024365, -0.4187757, 3.912434
1418703893853, 0.1013447, -0.4180851, 3.909367
1418703893887, 0.09975362, -0.417728, 3.905817
1418703893921, 0.09883272, -0.4174483, 3.903962
1418703893953, 0.09837817, -0.4174318, 3.902593
1418703893987, 0.09704843, -0.417669, 3.901281
1418703894020, 0.09628632, -0.4178621, 3.900187
1418703894054, 0.09528378, -0.4179223, 3.899319
1418703894103, 0.09461527, -0.4180517, 3.898893
1418703894154, 0.09365696, -0.4195086, 3.898555
1418703894202, 0.09305273, -0.4208545, 3.898512
1418703894220, 0.09230217, -0.4223305, 3.898793
1418703894252, 0.09117161, -0.4239971, 3.900423
1418703894286, 0.09095128, -0.4247141, 3.901483
1418703894319, 0.09016547, -0.4265844, 3.903702
1418703894352, 0.08975554, -0.4283688, 3.907033
1418703894386, 0.08934589, -0.4287448, 3.908979
1418703894419, 0.08874576, -0.430091, 3.911326
1418703894453, 0.0890341, -0.4307353, 3.913218
1418703894487, 0.0889614, -0.4312437, 3.915033
1418703894520, 0.08951793, -0.430969, 3.916079
1418703894552, 0.08910313, -0.4313787, 3.917353
1418703894587, 0.08866104, -0.4317631, 3.919217
1418703894620, 0.08855257, -0.4320491, 3.919833
1418703894653, 0.08847688, -0.4321443, 3.920745
1418703894687, 0.08832455, -0.4323555, 3.921701
1418703894720, 0.08807342, -0.4325257, 3.922685
1418703894753, 0.08791048, -0.4325522, 3.923564
1418703894786, 0.08758555, -0.4326332, 3.924353
1418703894820, 0.08726104, -0.4328401, 3.925349
1418703894853, 0.0871182, -0.4329726, 3.926039
1418703894886, 0.0867953, -0.43306, 3.92746
1418703894919, 0.08678979, -0.4329839, 3.928895
1418703894953, 0.08697878, -0.4333135, 3.930623
1418703894987, 0.08696364, -0.4331944, 3.932411
1418703895020, 0.08696058, -0.4308772, 3.935776
1418703895052, 0.08693185, -0.429358, 3.937978
1418703895087, 0.08642884, -0.4277182, 3.941882
1418703895120, 0.08702349, -0.4267086, 3.945091
1418703895152, 0.08855278, -0.424313, 3.949195
1418703895187, 0.09068642, -0.4233965, 3.954034
1418703895219, 0.09244207, -0.4237746, 3.959881
1418703895252, 0.09316058, -0.4223554, 3.967058
1418703895286, 0.09401228, -0.4232778, 3.978771
1418703895319, 0.09565532, -0.4246421, 3.993263
1418703895353, 0.09562714, -0.4257064, 4.005705
1418703895388, 0.09649135, -0.4253942, 4.017854
1418703895419, 0.0968888, -0.4273921, 4.027832
1418703895454, 0.09708084, -0.427869, 4.035884
1418703895486, 0.0978542, -0.4267502, 4.042287
1418703895520, 0.09838378, -0.4264111, 4.051291
1418703895553, 0.09727924, -0.4277571, 4.057934
1418703895586, 0.0968429, -0.4286135, 4.063018
1418703895620, 0.09517731, -0.429328, 4.070851
1418703895652, 0.09212302, -0.4303802, 4.077879
1418703895687, 0.08901715, -0.4329542, 4.089675
1418703895720, 0.08634049, -0.4357198, 4.102294
1418703895752, 0.08379901, -0.4364908, 4.120906
1418703895787, 0.07956724, -0.4381405, 4.138815
1418703895820, 0.07831765, -0.438538, 4.149531
1418703895852, 0.07669069, -0.4393661, 4.159522
1418703895888, 0.07562634, -0.4382065, 4.167543
1418703895919, 0.07433008, -0.4369225, 4.175693
1418703895952, 0.07261312, -0.4364537, 4.182538
1418703895988, 0.07210988, -0.4350155, 4.186315
1418703896020, 0.07074162, -0.4354601, 4.193865
1418703896054, 0.07098326, -0.4346385, 4.196589
1418703896087, 0.07102893, -0.4344011, 4.199821
1418703896120, 0.07194807, -0.4339615, 4.204675
1418703896154, 0.07306559, -0.4336309, 4.206397
1418703896186, 0.0754406, -0.4339084, 4.209183
1418703896220, 0.07724172, -0.4333474, 4.211495
1418703896253, 0.07837714, -0.4335554, 4.213443
1418703896288, 0.07995128, -0.4332614, 4.214456
1418703896320, 0.08179948, -0.4330091, 4.215837
1418703896353, 0.08313599, -0.433257, 4.216312
1418703896387, 0.08520383, -0.4335648, 4.216811
1418703896421, 0.0864706, -0.4337483, 4.216796
1418703896453, 0.08799511, -0.4342856, 4.216064
1418703896487, 0.08831057, -0.4345057, 4.215767
1418703896520, 0.0905443, -0.4356153, 4.214118
1418703896553, 0.09176745, -0.4368087, 4.213527
1418703896587, 0.09385154, -0.4393434, 4.212284
1418703896622, 0.09544489, -0.4406868, 4.211632
1418703896653, 0.09666142, -0.4429989, 4.209979
1418703896688, 0.09702986, -0.4438123, 4.209895
1418703896720, 0.09827061, -0.4447305, 4.20975
1418703896753, 0.09906352, -0.4453665, 4.20992
1418703896786, 0.09936087, -0.4455748, 4.21
1418703896820, 0.1001911, -0.446113, 4.210426
1418703896853, 0.1007429, -0.4468895, 4.211088
1418703896887, 0.1010951, -0.4472991, 4.211547
1418703896919, 0.1014047, -0.4475287, 4.211676
1418703896953, 0.101928, -0.4476098, 4.21162
1418703896986, 0.1021524, -0.4479072, 4.211732
1418703897020, 0.1026861, -0.4480052, 4.211647
1418703897053, 0.1028098, -0.4480819, 4.211439
1418703897087, 0.102893, -0.4477162, 4.211394
1418703897120, 0.1026262, -0.4465572, 4.210667
1418703897153, 0.1022829, -0.4456877, 4.210435
1418703897186, 0.102032, -0.4444248, 4.208429
1418703897220, 0.101643, -0.4432474, 4.205731
1418703897254, 0.1017626, -0.4418459, 4.203965
1418703897286, 0.1015636, -0.4418114, 4.202493
1418703897319, 0.1006575, -0.4410671, 4.199865
1418703897352, 0.1003175, -0.4402793, 4.198298
1418703897386, 0.09985505, -0.4395609, 4.195991
1418703897419, 0.09945139, -0.4389147, 4.193829
1418703897489, 0.09963383, -0.4383033, 4.188478
1418703897559, 0.09933788, -0.4382674, 4.185487
1418703897632, 0.09942601, -0.4382403, 4.182955
1418703897701, 0.09923831, -0.4379991, 4.18158
1418703897719, 0.09911789, -0.4379112, 4.180483
1418703897752, 0.09947493, -0.437984, 4.179577
1418703897786, 0.09919743, -0.4380572, 4.178424
1418703897819, 0.09921378, -0.4383817, 4.177944
1418703897853, 0.09930936, -0.4384202, 4.177591
1418703897886, 0.09946443, -0.438494, 4.177272
1418703897919, 0.09955916, -0.4380266, 4.176188
1418703897952, 0.09976692, -0.4380278, 4.175773
1418703897986, 0.1000918, -0.4385221, 4.174942
1418703898020, 0.1003434, -0.4383047, 4.174385
1418703898053, 0.10045, -0.4382264, 4.174239
1418703898087, 0.1005071, -0.438362, 4.174086
1418703898122, 0.1004892, -0.4384251, 4.173983
1418703898153, 0.1002735, -0.4385285, 4.17362
1418703898187, 0.1002664, -0.4385241, 4.173619
1418703898220, 0.0997058, -0.4385426, 4.173425
1418703898253, 0.09904978, -0.438612, 4.17302
1418703898288, 0.09792811, -0.4388213, 4.172535
1418703898320, 0.09601986, -0.4393637, 4.171126
1418703898352, 0.09471087, -0.4394216, 4.170315
1418703898386, 0.09294177, -0.4394991, 4.168642
1418703898419, 0.09086894, -0.4392663, 4.167697
1418703898453, 0.08884753, -0.4399497, 4.166592
1418703898486, 0.08728289, -0.4400086, 4.165805
1418703898519, 0.08528868, -0.4393834, 4.165519
1418703898552, 0.08340863, -0.4397369, 4.164862
1418703898586, 0.08124007, -0.4393868, 4.16341
1418703898619, 0.07979931, -0.4393987, 4.162888
1418703898655, 0.07857356, -0.4397469, 4.162481
1418703898687, 0.07751361, -0.439133, 4.16143
1418703898720, 0.07682603, -0.4387431, 4.160738
1418703898752, 0.07647185, -0.4388333, 4.16029
1418703898787, 0.07594743, -0.4390178, 4.159013
1418703898819, 0.07563848, -0.4389623, 4.158126
1418703898853, 0.07521339, -0.4393324, 4.15738
1418703898887, 0.07488242, -0.4395213, 4.156823
1418703898920, 0.074715, -0.439831, 4.156383
1418703898952, 0.07442226, -0.4399413, 4.155192
1418703898987, 0.07434015, -0.4397919, 4.155017
1418703899019, 0.07420203, -0.4397991, 4.154609
1418703899053, 0.07410306, -0.4398368, 4.154487
1418703899086, 0.07402138, -0.4393962, 4.154055
1418703899120, 0.07392193, -0.4393872, 4.153813
1418703899152, 0.07398521, -0.4393595, 4.153844
1418703899186, 0.07417403, -0.4393018, 4.153561
1418703899219, 0.07429522, -0.4393105, 4.1535
1418703899252, 0.07448802, -0.4393624, 4.153428
1418703899286, 0.0749189, -0.4392373, 4.153135
1418703899320, 0.07542484, -0.4393429, 4.153263
1418703899353, 0.07577267, -0.4395816, 4.153373
1418703899386, 0.07602789, -0.4394872, 4.15345
1418703899419, 0.07621897, -0.4393621, 4.153514
1418703899453, 0.07613064, -0.4395959, 4.153572
1418703899487, 0.07632469, -0.4397262, 4.153632
1418703899519, 0.07630916, -0.4397662, 4.153654
1418703899552, 0.07606978, -0.4397596, 4.153703
1418703899587, 0.07576884, -0.4394424, 4.153782
1418703899619, 0.07546402, -0.4389081, 4.154097
1418703899652, 0.07497749, -0.4388458, 4.154315
1418703899686, 0.07486906, -0.4388791, 4.154325
1418703899721, 0.07443309, -0.4387207, 4.154349
1418703899753, 0.07422123, -0.4387561, 4.154506
1418703899786, 0.07400841, -0.4388352, 4.154634
1418703899820, 0.07388664, -0.438812, 4.154633
1418703899852, 0.07344067, -0.438807, 4.154812
1418703899886, 0.07243575, -0.4386792, 4.155368
1418703899919, 0.07203995, -0.4384611, 4.155473
1418703899952, 0.07055775, -0.4384917, 4.156041
1418703899988, 0.06865706, -0.4387666, 4.156531
1418703900020, 0.06703165, -0.4391938, 4.156581
1418703900052, 0.0653975, -0.4394567, 4.156596
1418703900086, 0.06423661, -0.4389557, 4.156554
1418703900120, 0.06326005, -0.4387434, 4.155967
1418703900152, 0.06148101, -0.4391236, 4.1538
1418703900187, 0.05983682, -0.4377249, 4.150107
1418703900220, 0.05922013, -0.4375805, 4.146858
1418703900253, 0.05961265, -0.4377956, 4.140476
1418703900287, 0.06034875, -0.438808, 4.134602
1418703900320, 0.06129768, -0.4402159, 4.124875
1418703900352, 0.06109192, -0.4414434, 4.116401
1418703900386, 0.06153724, -0.443044, 4.104027
1418703900420, 0.0640161, -0.4437353, 4.091203
1418703900453, 0.06119215, -0.4455472, 4.078743
1418703900486, 0.06221004, -0.4482265, 4.061182
1418703900519, 0.06180821, -0.4505388, 4.04226
1418703900553, 0.06108987, -0.450376, 4.018802
1418703900586, 0.06451291, -0.4451851, 3.995186
1418703900619, 0.06450284, -0.4393097, 3.977881
1418703900652, 0.06502889, -0.4316063, 3.956443
1418703900687, 0.06553522, -0.426872, 3.93587
1418703900721, 0.0698651, -0.4212496, 3.911106
1418703900754, 0.0713717, -0.4153174, 3.895013
1418703900786, 0.07421168, -0.4123438, 3.877156
1418703900820, 0.0761288, -0.4105162, 3.862257
1418703900853, 0.07976072, -0.4087296, 3.842339
1418703900887, 0.08104888, -0.4102479, 3.827543
1418703900919, 0.08430208, -0.4088331, 3.812691
1418703900952, 0.08817037, -0.407028, 3.795922
1418703900986, 0.09148799, -0.4071205, 3.784198
1418703901019, 0.0936164, -0.4083377, 3.768775
1418703901052, 0.09309454, -0.4089159, 3.755542
1418703901086, 0.09457499, -0.4102457, 3.742772
1418703901120, 0.09694655, -0.4109825, 3.724944
1418703901153, 0.09879731, -0.4127098, 3.708975
1418703901186, 0.1004312, -0.4140968, 3.691272
1418703901219, 0.1014076, -0.4187509, 3.678285
1418703901254, 0.1052734, -0.4216035, 3.658871
1418703901286, 0.1022869, -0.4238078, 3.637019
1418703901320, 0.1061229, -0.4270514, 3.610419
1418703901353, 0.1059229, -0.4293287, 3.596184
1418703901387, 0.101477, -0.4313208, 3.556622
1418703901419, 0.101364, -0.4259177, 3.534664
1418703901452, 0.09312071, -0.4174787, 3.500864
1418703901486, 0.0924191, -0.4101799, 3.472592
1418703901520, 0.09018621, -0.4048946, 3.443758
1418703901552, 0.08739689, -0.4019824, 3.42239
1418703901586, 0.08242125, -0.3961558, 3.396948
1418703901619, 0.08065033, -0.3944052, 3.380127
1418703901654, 0.0825055, -0.3921331, 3.359067
1418703901687, 0.08108845, -0.3918698, 3.338147
1418703901720, 0.08077287, -0.3910134, 3.319261
1418703901755, 0.08031476, -0.3913417, 3.297204
1418703901789, 0.08055953, -0.393211, 3.280085
1418703901819, 0.08289447, -0.3972431, 3.253708
1418703901852, 0.08373197, -0.40161, 3.231524
1418703901887, 0.08562732, -0.4077648, 3.200151
1418703901920, 0.08470946, -0.4142845, 3.174481
1418703901953, 0.08602613, -0.4179015, 3.14463
1418703901989, 0.08663025, -0.4145877, 3.116309
1418703902020, 0.0902945, -0.407927, 3.088398
1418703902053, 0.09589491, -0.3999158, 3.061615
1418703902088, 0.099751, -0.3894502, 3.037461
1418703902120, 0.1037199, -0.3834628, 3.013017
1418703902153, 0.1067921, -0.3780438, 2.99406
1418703902187, 0.1098207, -0.3731171, 2.970835
1418703902220, 0.1130151, -0.3697881, 2.953562
1418703902252, 0.116278, -0.3659942, 2.932837
1418703902289, 0.118804, -0.364704, 2.915911
1418703902319, 0.1226846, -0.3645846, 2.896587
1418703902353, 0.126867, -0.3646613, 2.878073
1418703902387, 0.1286028, -0.3640807, 2.862096
1418703902420, 0.1314462, -0.3655367, 2.844129
1418703902454, 0.1328577, -0.3658471, 2.828151
1418703902488, 0.1348682, -0.3668793, 2.808196
1418703902520, 0.1365123, -0.3693593, 2.790853
1418703902552, 0.139299, -0.3727828, 2.76852
1418703902589, 0.1402448, -0.3762515, 2.750595
1418703902622, 0.139878, -0.3813893, 2.728213
1418703902654, 0.1382733, -0.3851407, 2.704188
1418703902689, 0.1362859, -0.3861312, 2.683419
1418703902721, 0.1346306, -0.3855281, 2.649821
1418703902752, 0.1310718, -0.3823418, 2.624438
1418703902787, 0.1262953, -0.378725, 2.600782
1418703902822, 0.1215776, -0.3706006, 2.570261
1418703902854, 0.1186706, -0.364969, 2.544466
1418703902886, 0.1151468, -0.3606619, 2.518957
1418703902920, 0.112589, -0.3560669, 2.494818
1418703902952, 0.1111319, -0.3538537, 2.477077
1418703902989, 0.1091869, -0.3506288, 2.45683
1418703903022, 0.1082202, -0.3496521, 2.439194
1418703903054, 0.106371, -0.348515, 2.415307
1418703903086, 0.1041009, -0.3482142, 2.400651
1418703903120, 0.1034606, -0.3490309, 2.377718
1418703903154, 0.1022999, -0.3507363, 2.358147
1418703903189, 0.1026583, -0.3552018, 2.334152
1418703903222, 0.1024435, -0.357912, 2.311367
1418703903253, 0.1031542, -0.3625051, 2.284013
1418703903289, 0.1024053, -0.366092, 2.261049
1418703903321, 0.1017869, -0.3689397, 2.229443
1418703903353, 0.1027316, -0.3685063, 2.201145
1418703903389, 0.1032638, -0.3652299, 2.177434
1418703903421, 0.1044298, -0.3580315, 2.148406
1418703903454, 0.1051719, -0.3531328, 2.12627
1418703903489, 0.1071426, -0.345594, 2.101015
1418703903520, 0.1090671, -0.3400455, 2.083189
1418703903553, 0.1118112, -0.3362561, 2.062656
1418703903588, 0.1140123, -0.331592, 2.04416
1418703903621, 0.1172379, -0.3280917, 2.023767
1418703903655, 0.1188885, -0.3262074, 2.00594
1418703903688, 0.1211319, -0.3246444, 1.988279
1418703903722, 0.122733, -0.3244856, 1.97134
1418703903754, 0.1258574, -0.3242109, 1.955225
1418703903789, 0.1284747, -0.3245075, 1.938136
1418703903821, 0.1295668, -0.3242356, 1.92084
1418703903854, 0.1324665, -0.3245754, 1.90537
1418703903889, 0.1352564, -0.3261649, 1.888467
1418703903922, 0.1379066, -0.3282016, 1.871081
1418703903955, 0.1344143, -0.3301794, 1.849051
1418703903989, 0.1297477, -0.3331793, 1.829588
1418703904022, 0.124504, -0.3362718, 1.807206
1418703904055, 0.1214649, -0.3382089, 1.783471
1418703904089, 0.1109962, -0.3409317, 1.754487
1418703904122, 0.1052828, -0.3409895, 1.727708
1418703904154, 0.0994329, -0.340723, 1.700241
1418703904188, 0.09394564, -0.3361923, 1.663324
1418703904222, 0.09318768, -0.332577, 1.640874
1418703904255, 0.08896635, -0.3281967, 1.61443
1418703904290, 0.08437128, -0.3254148, 1.593437
1418703904321, 0.08028012, -0.3224677, 1.570832
1418703904353, 0.08120264, -0.3195932, 1.546891
1418703904389, 0.0825557, -0.3176975, 1.528319
1418703904422, 0.08107073, -0.3158439, 1.507469
1418703904456, 0.08071669, -0.3141657, 1.489894
1418703904490, 0.08027195, -0.3132361, 1.466404
1418703904521, 0.07910391, -0.3128618, 1.449037
1418703904555, 0.07772091, -0.3132846, 1.428272
1418703904590, 0.07741665, -0.3144228, 1.40633
1418703904623, 0.07463203, -0.3164044, 1.382994
1418703904655, 0.07433654, -0.3184927, 1.359699
1418703904690, 0.07283489, -0.3220847, 1.333649
1418703904722, 0.07221311, -0.3250514, 1.30534
1418703904756, 0.0729927, -0.3283045, 1.27613
1418703904790, 0.07401816, -0.329236, 1.24951
1418703904822, 0.0752444, -0.3257239, 1.222797
1418703904856, 0.07634611, -0.3187295, 1.198533
1418703904892, 0.07838044, -0.311261, 1.175943
1418703904923, 0.07986345, -0.3057353, 1.15463
1418703904956, 0.08020873, -0.2994912, 1.133229
1418703904991, 0.08114202, -0.2941791, 1.115017
1418703905024, 0.08216424, -0.290405, 1.097121
1418703905056, 0.08263058, -0.2871639, 1.079593
1418703905090, 0.08356351, -0.2861775, 1.061672
1418703905124, 0.08531705, -0.2852775, 1.043843
1418703905156, 0.08768979, -0.2860276, 1.027031
1418703905191, 0.08830784, -0.2876768, 1.01038
1418703905223, 0.08858703, -0.2898776, 0.9954093
1418703905257, 0.0925536, -0.293202, 0.9758388
1418703905290, 0.0991322, -0.298589, 0.9569442
1418703905323, 0.1075115, -0.3040975, 0.9374546
1418703905357, 0.1116508, -0.3092289, 0.9215592
1418703905390, 0.114411, -0.3136995, 0.9033322
1418703905434, 0.1138048, -0.3173008, 0.8835639
1418703905457, 0.1111964, -0.3200991, 0.8631004
1418703905491, 0.1059032, -0.3211567, 0.841669
1418703905523, 0.1002618, -0.3258169, 0.8208316
1418703905557, 0.09431479, -0.3304462, 0.797286
1418703905592, 0.08021609, -0.3326627, 0.7779617
1418703905624, 0.06303099, -0.3363718, 0.7654562
1418703905657, 0.01892145, -0.3393929, 0.7697288
1418703905693, 0.01685415, -0.3400895, 0.7534555
1418703905725, -0.002637762, -0.3543248, 0.7171002
1418703905758, -0.006704967, -0.35387, 0.6956977
1418703905792, -0.01488675, -0.3408443, 0.660509
1418703905825, 0.01954586, -0.3257824, 0.6317227
1418703905857, 0.02124602, -0.3185235, 0.6288314
1418703905891, 0.02161918, -0.3138806, 0.616267
1418703905923, 0.02177242, -0.3014505, 0.6066645
1418703905956, -0.02303422, -0.2465696, 0.5923758
1418703905990, 0.130608, -0.2601717, 0.5693007
1418703906022, 0.1840198, -0.3348202, 0.5430161
1418703906055, 0.1798113, -0.3316088, 0.5394824
1418703906089, 0.1811463, -0.3302688, 0.5342554
